frame,angle_head,position_x,position_y,position_z,orientation_x,orientation_y,orientation_z,orientation_w,raw
0,-1.309,0,0,0,0,0,0,0,2.09054e-06,0,0,0,0,0,0,0,0,0,0,0,0,0,0,0,0,0,0,0,0,0,0,0,0,0,0,0,0,0,0,0,0,0,0,0,0,0,0,0,0,0,0,0,0,0,0,0,0,0,
1,-1.29154,-1.39142e-05,-1.1614e-06,-84.9303,0.00012301,7.84189e-06,-0.999783,0.0208222,1.71213e-06,0,0,0,0,0,0,0,0,0,0,0,0,0,0,0,0,0,0,0,0,0,0,0,0.00139029,0.016479,0.00189897,0.00604885,0.0166977,0.0162779,0.00887804,0.0408217,0,0,0,0,0,0,0,0,0,0,0,0,0,0,0,0,0,0,
2,-1.27409,-1.39142e-05,-1.1614e-06,-84.9303,0.00012301,7.84187e-06,-0.999783,0.0208222,2.74928e-06,0,0,0,0,0,0,0,0,0,0,0,0,0,0,0,0,0,0,0,0,0,0,0,1.90831e-05,0.00133846,0.00191454,0.00972474,0.00513547,0.00978615,0.0123999,0.0196597,0.0146632,0,0,0,0,0,0,0,0,0,0,0,0,0,0,0,0,0,
3,-1.25664,-1.39142e-05,-1.1614e-06,-84.9303,0.00012301,7.84187e-06,-0.999783,0.0208222,2.36385e-06,0,0,0,0,0,0,0,0,0,0,0,0,0,0,0,0,0,0,0,0,0,0,0,0,0.00186037,0.00262145,0.00395005,0.0111663,0.00233199,0.00417882,0.00710113,0.00426319,0.00791005,0,0,0,0,0,0,0,0,0,0,0,0,0,0,0,0,
4,-1.23918,-1.39142e-05,-1.1614e-06,-84.9303,0.00012301,7.84188e-06,-0.999783,0.0208222,4.93101e-06,0,0,0,0,0,0,0,0,0,0,0,0,0,0,0,0,0,0,0,0,0,0,0,0,0.00239489,0.00792122,0.00103887,0.00710682,0.0141701,0.016113,0.0918683,0.0477076,0.0474835,0.0310555,0,0,0,0,0,0,0,0,0,0,0,0,0,0,0,
5,-1.22173,-1.39142e-05,-1.16139e-06,-84.9303,0.00012301,7.84188e-06,-0.999783,0.0208222,2.2652e-06,0,0,0,0,0,0,0,0,0,0,0,0,0,0,0,0,0,0,0,0,0,0,0,0,0.0014154,0.00249724,0.000888228,0.00481901,0.00692946,0.0195771,0.0575721,0.0152793,0.0390961,0.0297896,0.00847958,0,0,0,0,0,0,0,0,0,0,0,0,0,0,
6,-1.20428,-1.39142e-05,-1.16137e-06,-84.9303,0.00012301,7.84184e-06,-0.999783,0.0208222,2.00052e-06,0,0,0,0,0,0,0,0,0,0,0,0,0,0,0,0,0,0,0,0,0,0,0,0,0.00279325,0.00732541,0.00226576,0.00777611,0.0114943,0.045305,0.0136818,0.0514763,0.0714703,0.0579532,0,0,0,0,0,0,0,0,0,0,0,0,0,0,0,
7,-1.18682,-1.39142e-05,-1.16136e-06,-84.9303,0.00012301,7.84181e-06,-0.999783,0.0208222,3.78538e-06,0,0,0,0,0,0,-0,0,0,0,0,0,0,0,0,0,0,0,0,0,0,0,0,0,0.00832644,0.00310619,0.00786559,0.0117981,0.00288566,0.0360623,0.0357691,0.0528097,0.00710416,0,0,0,0,0,0,0,0,0,0,0,0,0,0,0,0,
8,-1.16937,-1.39142e-05,-1.16136e-06,-84.9303,0.00012301,7.84183e-06,-0.999783,0.0208222,2.18703e-06,0,0,0,0,0,0,0,0,0,0,0,0,0,0,0,0,0,0,0,0,0,0,0,0,0.0216763,0.00867674,0.00167673,0.000345296,0.00493332,0.0231979,0.0153243,0.000224027,0,0,0,0,0,0,0,0,0,0,0,0,0,0,0,0,0,
9,-1.15192,-1.39142e-05,-1.16137e-06,-84.9303,0.00012301,7.84186e-06,-0.999783,0.0208222,2.85468e-06,0,0,0,0,0,0,0,0,0,0,0,0,0,0,0,0,0,0,0,0,0,0,0,0,0,0.0166884,0.00479233,0.0015293,0.00778766,0.0193392,0.0194534,0.00285557,0,0,0,0,0,0,0,0,0,0,0,0,0,0,0,0,0,
10,-1.13446,-1.39142e-05,-1.16134e-06,-84.9303,0.00012301,7.84186e-06,-0.999783,0.0208222,3.22802e-06,0,0,0,0,0,0,0,0,0,0,0,0,0,0,0,0,0,0,0,0,0,0,0,0,0,0.00927466,0.0242,0.00670909,0.00204353,0.00679514,0.0224647,0.0124097,0,0,0,0,0,0,0,0,0,0,0,0,0,0,0,0,0,
11,-1.11701,-1.39142e-05,-1.16134e-06,-84.9303,0.00012301,7.84188e-06,-0.999783,0.0208222,2.60898e-06,0,0,0,0,0,0,0,0,0,0,0,0,0,0,0,0,0,0,0,0,0,0,0,0,0,0.00127081,0.00184294,0.0100585,0.00286294,0.00486869,0.0240021,0.0416501,0.075801,0,0,0,0,0,0,0,0,0,0,0,0,0,0,0,0,
12,-1.09956,-1.39142e-05,-1.16135e-06,-84.9303,0.00012301,7.84189e-06,-0.999783,0.0208222,2.19072e-06,0,0,0,0,0,0,0,0,0,0,0,0,0,0,0,0,0,0,0,0,0,0,0,0,0,1.10224e-05,0.00207519,0.00480201,0,0.00905732,0.00806626,0.0402376,0.025071,0,0,0,0,0,0,0,0,0,0,0,0,0,0,0,0,
13,-1.0821,-1.39142e-05,-1.16136e-06,-84.9303,0.00012301,7.8419e-06,-0.999783,0.0208222,1.33252e-06,0,0,0,0,0,0,0,0,0,0,0,0,0,0,0,0,0,0,0,0,0,0,0,0,0,0,0.00269416,0.0114922,0.01402,0.0091325,0.0174819,0.00279927,0.00431844,0,0,0,0,0,0,0,0,0,0,0,0,0,0,0,0,
14,-1.06465,-1.39142e-05,-1.16136e-06,-84.9303,0.00012301,7.8419e-06,-0.999783,0.0208222,2.47186e-06,0,0,0,0,0,0,0,0,0,0,0,0,0,0,0,0,0,0,0,0,0,0,0,0,0,0,0.00891712,0.00370769,0.00764523,0.00483334,0.0233507,0.0153997,0.0440371,0.0347621,0,0,0,0,0,0,0,0,0,0,0,0,0.017507,0,0,
15,-1.0472,-1.39143e-05,-1.16136e-06,-84.9303,0.00012301,7.8419e-06,-0.999783,0.0208222,3.51143e-06,0,0,0,0,0,0,0,0,0,0,0,0,0,0,0,0,0,0,0,0,0,0,0,0,0,0,0,0.00180019,0.00495624,0.00448877,0.00618211,0.00570813,0.0416025,0.0286002,0,0,0,0,0,0,0,0,0,0,0,0,0.0550337,0.0971954,0,
16,-1.02974,-1.39143e-05,-1.16137e-06,-84.9303,0.00012301,7.84189e-06,-0.999783,0.0208222,1.70211e-06,0,0,0,0,0,0,0,0,0,0,0,0,0,0,0,0,0,0,0,0,0,0,0,0,0,0,0,3.10511e-05,0.00994729,0.00487773,0.00951355,0.0110676,0.0214694,0.0189832,0.0204266,0,0,0,0,0,0,0,0,0,0,0,0.0519614,0.049275,0,
17,-1.01229,-1.39143e-05,-1.16137e-06,-84.9303,0.00012301,7.8419e-06,-0.999783,0.0208222,1.88645e-06,0,0,0,0,0,0,0,0,0,0,0,0,0,0,0,0,0,0,0,0,0,0,0,0,0,0,0,0,0.000521485,0.00361928,0.00425251,0.0244984,0.00667836,0.0182126,0.0461907,0,0,0,0,0,0,0,0,0,0,0,0.1187,0.071436,0,
18,-0.994838,-1.39143e-05,-1.16137e-06,-84.9303,0.00012301,7.8419e-06,-0.999783,0.0208222,3.37385e-06,0,0,0,0,0,0,0,0,0,0,0,0,0,0,0,0,0,0,0,0,0,0,0,0,0,0,0,0,0.00529319,0.0177356,0.0265808,0.00321701,0.03096,0.0331555,0.0556821,0.0640847,0,0,0,0,0,0,0,0,0,0.0424569,0.0141914,0.03875,0,
19,-0.977384,-1.39143e-05,-1.16138e-06,-84.9303,0.00012301,7.8419e-06,-0.999783,0.0208222,1.61717e-06,0,0,0,0,-0,0,0,0,0,0,0,0,0,0,0,0,0,0,0,0,0,0,0,0,0,0,0,0,0,0.0083521,0.0211534,0.00930267,0.0281504,0.0186386,0.0230176,0.0253374,0.0029139,0,0,-0,0,0,0,0,0.00201196,0.00161485,0.0370386,0.0606165,0,
20,-0.959931,-1.39143e-05,-1.16138e-06,-84.9303,0.00012301,7.84189e-06,-0.999783,0.0208222,3.05277e-06,0,0,0,0,0,0,0,0,0,0,0,0,0,0,0,0,0,0,0,0,0,0,0,0,0,0,0,0,0,0.000333914,0.00935362,0.0129809,0.0108948,0.0191925,0.0790174,0.0184343,0.0204785,0,0,0,0,0,0,0,0.00350147,0.0242391,0.0262858,0.0384631,0,
21,-0.942478,-1.39143e-05,-1.16138e-06,-84.9303,0.00012301,7.84189e-06,-0.999783,0.0208222,2.00706e-06,0,0,0,0,0,0,0,0,0,0,0,0,0,0,0,0,0,0,0,0,0,0,0,0,0,0,0,0,0,0,0.00827664,0.00673175,0.01678,0.00466923,0.0342747,0.0369373,0.0461876,0.00169704,0,0,0,0.00664695,0.0191119,0.0679934,0.0340137,0.0361238,0.0353226,0.0526474,0,
22,-0.925025,-1.39143e-05,-1.16138e-06,-84.9303,0.00012301,7.84189e-06,-0.999783,0.0208222,6.96315e-07,0,0,0,0,0,0,0,0,0,0,0,0,0,0,0,0,0,0,0,0,0,0,0,0,0,0,0,0,0,0,0.0231309,0.0126734,0.00832397,0,0.0245448,0.0394335,0.0186997,0.038069,0,0,0,0.0178234,0.0225511,0.0196602,0.0170461,0.0301752,0,0.0125314,0,
23,-0.907571,-1.39143e-05,-1.16138e-06,-84.9303,0.00012301,7.84189e-06,-0.999783,0.0208222,2.13912e-06,0,0,0,0,0,0,0,0,0,0,0,0,0,0,0,0,0,0,0,0,0,0,0,0,0,0,0,0,0,0,0,0.013783,0.017999,0.0129092,0.0306377,0.0146838,0.0184289,0.0177438,0.0173448,0.00550979,0.00989169,0.0121317,0.0429597,0.028731,0.0417246,0,0,0.0434129,0,
24,-0.890118,-1.39143e-05,-1.16138e-06,-84.9303,0.00012301,7.84189e-06,-0.999783,0.0208222,2.91614e-06,0,0,0,0,0,0,0,0,0,0,0,0,0,0,0,0,0,0,0,0,-0,0,0,0,0,0,0,0,0,0,0,0.0143281,0.0111808,0.00726731,0.0310921,0.024578,0.0275565,0.0163758,0.0107617,0.0225635,0.00481164,0.0238006,0.0267759,0.0142964,0.0209368,0.0624099,0.086925,0.0388401,0,
25,-0.872665,-1.39143e-05,-1.16139e-06,-84.9303,0.00012301,7.84189e-06,-0.999783,0.0208222,2.38583e-06,0,0,0,0,0,0,0,0,0,0,0,0,0,0,0,0,0,0,0,0,0,0,0,0,0,0,0,0,0,0,0,0.000707457,0.0137697,0.00756559,0.0131922,0.00598945,0.00994812,0.00942806,0.0471643,0.0376741,0.00422423,0.0361844,0.0324011,0.0532757,0.0261882,0.0559108,0.0745918,0.0598723,0,
26,-0.855211,-1.39143e-05,-1.1614e-06,-84.9303,0.00012301,7.84195e-06,-0.999783,0.0208222,1.97661e-06,0,0,0,0,0,0,0,0,0,0,0,0,0,0,0,0,0,0,0,0,0,0,0,0,0,0,0,0,0,0,0,0,0,0.00895349,0.0500957,0.00920966,0.0114853,0.0375729,0.0136386,0.0164815,0.0117632,0.0112368,0.035918,0.018281,0.0945841,0.0801859,0.0248713,0.0391185,0,
27,-0.837758,-1.39143e-05,-1.16141e-06,-84.9303,0.00012301,7.84193e-06,-0.999783,0.0208222,2.61473e-06,0,0,0,0,0,0,0,0,0,0,0,0,0,0,0,0,0,0,0,0,0,0,0,0,0,0,0,0,0,0,0,0,0,0,0,0.03314,0.0473133,0.0130031,0.0440178,0.0222457,0.00802517,0.011233,0.00763119,0.0172817,0.00455862,0.0124811,0.0670278,0.0346851,0,
28,-0.820305,-1.39143e-05,-1.16141e-06,-84.9303,0.00012301,7.84192e-06,-0.999783,0.0208222,7.73201e-07,-0,0,0,0,0,0,0,0,0,0,0,0,0,0,0,0,0,0,0,0,0,0,0,0,0,0,0,0,0,0,0,0,0,0,0,0,0.0273578,0.0205336,0.0788653,0.0313921,0.0106078,0.00930063,0.014043,0.0175174,0.0407336,0.0233766,0.0183482,0.0538302,0,
29,-0.802851,-1.39143e-05,-1.16141e-06,-84.9303,0.00012301,7.84191e-06,-0.999783,0.0208222,2.43662e-06,0,0,0,0,0,0,0,0,0,0,0,0,0,0,0,0,0,0,0,0,0,0,0,0,0,0,0,0,0,0,0,0,0,0,0,0,0.00985457,0.00735484,0.0205964,0.00433706,0.0166531,0.0137534,0.0121159,0.0153327,0.0466792,0.0308124,0.0382516,0.0279292,0,
30,-0.785398,-1.39143e-05,-1.16142e-06,-84.9303,0.00012301,7.84193e-06,-0.999783,0.0208222,3.24392e-06,0,0,0,0,0,0,0,0,0,0,0,0,0,0,0,0,0,0,0,0,0,0,0,0,0,0,0,0,0,0,0,0,0,0,0,0,0,0.0155593,0.034483,0.00510178,0.0293794,0.00414573,0.0523075,0.0162682,0.014075,0.0350595,0.0235435,0.0507549,0,
31,-0.767945,-1.39143e-05,-1.16142e-06,-84.9303,0.00012301,7.84192e-06,-0.999783,0.0208222,2.67703e-06,0,0,0,0,0,0,0,0,0,0,0,-0,0,0,0,0,0,0,0,0,0,0,0,0,0,0,0,0,0,0,0,0,0,0,0,0,0,0.00595889,0.0107477,0.0295045,0.0139872,0.0141527,0.0075566,0.00767394,0.014365,0.0112128,0.029068,0.0230726,0,
32,-0.750492,-1.39143e-05,-1.16143e-06,-84.9303,0.00012301,7.84193e-06,-0.999783,0.0208222,3.83244e-06,0,0,0,0,0,0,0,0,0,0,0,0,0,0,0,0,0,0,0,0,0,0,0,0,0,0,0,0,0,0,0,0,0,0,0,0,0,0.00530781,0.00641368,0.0153545,0.0217151,0.0219866,0.00979031,0.00346842,0.0149869,0.0245228,0.0318621,0.0468762,0,
33,-0.733038,-1.39143e-05,-1.16143e-06,-84.9303,0.00012301,7.84193e-06,-0.999783,0.0208222,3.36887e-06,0,0,0,0,0,0,0,0,0,0,0,0,0,0,0,0,0,0,0,0,0,0,0,0,0,0,0,0,0,0,0,0,0,0,0,0,0,0.0293885,0.00396149,0.0201482,0.0207842,0.0255176,0.00228047,0.00257974,0.00694538,0.00390095,0.035697,0.0186579,0,
34,-0.715585,-1.39143e-05,-1.16143e-06,-84.9303,0.00012301,7.84192e-06,-0.999783,0.0208222,2.40309e-06,0,0,0,0,0,0,0,0,0,0,0,0,0,0,0,0,0,0,0,0,0,0,0,0,0,0,0,0,0,0,0,0,0,0,0,0,0,0.00693222,0.00970892,0.0283268,0.0130337,0.0498992,0.0282961,0.00791028,0.00618126,0.00403308,0.00825349,0.0271167,0,
35,-0.698132,-1.39143e-05,-1.16142e-06,-84.9303,0.00012301,7.84191e-06,-0.999783,0.0208222,3.31273e-06,0,0,0,0,0,0,0,0,0,0,0,0,0,0,0,0,0,0,0,0,0,0,0,0,0,0,0,0,0,0,0,0,0,0,0,0,0,0.0272775,0.0197157,0.0154436,0.0215604,0.0347693,0.0262055,0.0109483,0.00273379,0.00736396,0.00334198,0.0355971,0,
36,-0.680678,-1.39143e-05,-1.16143e-06,-84.9303,0.00012301,7.84191e-06,-0.999783,0.0208222,2.26908e-06,0,0,0,0,0,0,0,0,0,0,0,0,0,0,0,0,0,0,0,0,0,0,0,0,0,0,0,0,0,0,0,0,0,0,0,0,0,0.0429209,0.010944,0.00413713,0.0312874,0.00838195,0.0156961,0.0240135,0.00522124,0.00707674,0.0175825,0.0510712,0,
37,-0.663225,-1.39143e-05,-1.16143e-06,-84.9303,0.00012301,7.84191e-06,-0.999783,0.0208222,3.3527e-06,0,0,0,0,0,0,0,0,0,0,0,0,0,0,0,0,0,0,0,0,0,0,0,0,0,0,0,0,0,0,0,0,0,0,0,0,0,0.0226854,0.0963714,0.0220394,0.0573907,0.0211321,0.0370426,0.00845193,0.00228757,0.00523492,0.00518299,0.0203224,0,
38,-0.645772,-1.39143e-05,-1.16143e-06,-84.9303,0.00012301,7.8419e-06,-0.999783,0.0208222,2.27486e-06,0,0,0,0,0,0,0,0,0,0,0,0,0,0,0,0,0,0,0,0,0,0,0,0,0,0,0,0,0,0,0,0,0,0,0,0,0,0.00603813,0.0279997,0.0129638,0.0487201,0.0261638,0.0159255,0.00570961,0.00171332,0.00824434,0.0057619,0.0116451,0,
39,-0.628319,-1.39143e-05,-1.16143e-06,-84.9303,0.00012301,7.8419e-06,-0.999783,0.0208222,3.95974e-06,0,0,0,0,0,0,0,0,0,0,0,0,0,0,0,0,0,0,0,0,0,0,0,0,0,0,0,0,0,0,0,0,0,0,0,0,0,0.0100058,0.0138185,0.0101459,0.00971145,0.0216969,0.0272007,0.0082301,0.00698127,0.00411685,0.00889412,0.0143178,0,
40,-0.610865,-1.39143e-05,-1.16143e-06,-84.9303,0.00012301,7.84191e-06,-0.999783,0.0208222,2.71121e-06,0,0,0,0,0,0,0,0,0,0,0,0,0,0,0,0,0,0,0,0,0,0,0,0,0,0,0,0,0,0,0,-0,0,0,0,0,0,0.00618442,0.0388455,0.0756312,0.0241389,0.0316822,0.0419451,0.0211285,0.00181152,0.00328961,0.011481,0.0376922,0,
41,-0.593412,-1.39143e-05,-1.16144e-06,-84.9303,0.00012301,7.84191e-06,-0.999783,0.0208222,9.06794e-07,0,0,0,0,0,0,0,0,0,0,0,0,0,0,0,0,0,0,0,0,0,0,0,0,0,0,0,0,0,0,0,0,0,0,0,0,0,0.0222976,0.0555603,0.0384355,0.0336838,0.0267656,0.0401061,0.00240082,0.00817564,0.0190541,0.0116177,0.0156295,0,
42,-0.575959,-1.39143e-05,-1.16144e-06,-84.9303,0.00012301,7.84191e-06,-0.999783,0.0208222,2.19284e-06,0,0,0,0,0,0,0,0,0,0,0,0,0,0,0,0,0,0,0,0,0,0,0,0,0,0,0,0,0,0,0,-0,0,0,0,0,0,0.00882269,0.014582,0.0361665,0.058139,0.0442263,0.0113818,0.0137353,0.00577376,0.0242963,0.0459206,0.0242441,0,
43,-0.558505,-1.39143e-05,-1.16144e-06,-84.9303,0.00012301,7.8419e-06,-0.999783,0.0208222,3.78636e-06,0,0,0,0,0,0,0,0,0,0,0,0,0,0,0,0,0,0,0,0,0,0,0,0,0,0,0,0,0,0,0,0,0,0,0,0,0,0.0223389,0.0166473,0.0440746,0.0412349,0.0264675,0.011013,0.00119032,0.00569738,0.0140885,0.0449606,0.00795134,0,
44,-0.541052,-1.39143e-05,-1.16143e-06,-84.9303,0.00012301,7.84189e-06,-0.999783,0.0208222,1.42535e-06,0,0,0,0,0,0,0,0,0,0,0,0,0,0,0,0,0,0,0,0,0,0,0,0,-0,0,0,0,0,0,0,0,0,0,0,0,0,0.0174672,0.0221907,0.0139879,0.0133976,0.0145986,0.0215604,0.00548055,0.00390911,0.0204096,0.0185943,0.0221642,0,
45,-0.523599,-1.39143e-05,-1.1614e-06,-84.9303,0.00012301,7.84182e-06,-0.999783,0.0208222,2.87782e-06,0,0,0,0,0,0,0,0,0,0,0,0,0,0,0,0,0,0,0,0,0,0,0,0,0,0,0,0,0,0,0,0,0,0,0,0,0,0.0213298,0.0259709,0.0241886,0.0139404,0.02055,0.0024384,0.00605277,0.0235028,0.00951875,0.00735785,0.0216845,0,
46,-0.506145,-1.39143e-05,-1.16139e-06,-84.9303,0.00012301,7.84181e-06,-0.999783,0.0208222,9.1904e-07,0,0,0,0,0,0,0,0,0,0,0,0,0,0,0,0,0,0,0,0,0,0,0,0,0,0,0,0,0,0,0,0,0,0,0,0,0,0.0186203,0.0509601,0.0457613,0.0102881,0.00951612,0.00793053,0.00327897,0.00585892,0.0156162,0.00787256,0.0160491,0,
47,-0.488692,-1.39143e-05,-1.1614e-06,-84.9303,0.00012301,7.84184e-06,-0.999783,0.0208222,1.89299e-06,0,0,0,0,0,0,0,0,0,0,0,0,-0,0,0,0,0,0,0,0,0,0,0,0,0,0,0,0,0,0,0,0,0,0,0,0,0,0.0121296,0.0150464,0.0372275,0.0257828,0.0175322,0.0232208,0.00118995,0.00453683,0.0119571,0.012396,0.0193612,0,
48,-0.471239,-1.39143e-05,-1.1614e-06,-84.9303,0.00012301,7.84186e-06,-0.999783,0.0208222,2.13077e-06,0,0,0,-0,0,0,0,0,0,0,0,0,0,0,0,0,0,0,0,0,0,0,0,0,0,0,0,0,0,0,0,0,0,0,0,0,0,0.0133661,0.0437004,0.03012,0.0100637,0.0251033,0.00826767,0.00475492,0.00984477,0.00982089,0.00982499,0.0301889,0,
49,-0.453786,-1.39143e-05,-1.1614e-06,-84.9303,0.00012301,7.84188e-06,-0.999783,0.0208222,1.882e-06,0,0,0,0,0,0,0,0,0,0,0,0,0,0,0,0,0,0,0,0,0,0,0,0,0,0,0,0,0,0,0,0,0,0,0,0,0,0.00249273,0.0527465,0.0209339,0.0266725,0.0123124,0.00613287,0.00386893,0.00264842,0.00641838,0.0117817,0.0281469,0,
50,-0.436332,-1.39143e-05,-1.1614e-06,-84.9303,0.00012301,7.84188e-06,-0.999783,0.0208222,1.27819e-06,0,0,0,0,0,0,0,0,0,0,0,0,0,0,0,0,0,0,0,0,0,0,0,0,0,0,0,0,0,0,0,0,0,0,0,0,0.0220087,0.0338987,0.0183562,0.00664915,0.0327385,0.00507847,0.00870704,0.0139052,0.0119538,0.0171694,0.0203709,0.00375011,0,
51,-0.418879,-1.39143e-05,-1.1614e-06,-84.9303,0.00012301,7.84188e-06,-0.999783,0.0208222,8.15753e-07,0,0,0,0,0,0,0,0,0,0,0,0,0,0,0,0,0,0,0,0,0,0,0,0,0,0,0,0,0,0,0,0,0,0,0,0,0.0152389,0.0194793,0.0124704,0.00543685,0.0119377,0.0256963,0.00524229,0.00502365,0.013909,0.00563876,0.00206736,0.00325314,0,
52,-0.401426,-1.39143e-05,-1.1614e-06,-84.9303,0.00012301,7.84188e-06,-0.999783,0.0208222,3.20461e-06,0,0,0,0,0,0,0,0,0,0,0,0,0,0,0,0,0,0,0,0,0,0,0,0,0,0,0,0,0,0,0,0,0,0,0,0,0.029894,0.0421468,0.0282975,0.018452,0.011036,0.0167479,0.0264864,0.00144734,0.0172902,0.0154046,0.00388369,0.00186231,0,
53,-0.383972,-1.39143e-05,-1.1614e-06,-84.9303,0.00012301,7.84188e-06,-0.999783,0.0208222,2.13462e-06,0,0,0,0,0,0,0,0,0,0,0,0,0,0,0,0,0,0,0,0,0,0,0,0,0,0,0,0,0,0,0,0,0,0,0,0,0.0503927,0.0438011,0.0178126,0.0360667,0.0210215,0.014214,0.037049,0,0,0.0287832,0.0158966,0.013149,0,
54,-0.366519,-1.39143e-05,-1.1614e-06,-84.9303,0.00012301,7.84188e-06,-0.999783,0.0208222,4.77464e-07,0,0,0,0,0,0,0,0,0,0,0,0,0,0,0,0,0,0,0,0,0,0,0,0,0,0,0,0,0,0,0,0,0,0,0,0.0161661,0.018514,0.0488456,0.0411555,0.0326608,0.0371712,0.00915838,0.0309348,0.0237265,0,0.00329496,0.017978,0.00970148,0,
55,-0.349066,-1.39143e-05,-1.1614e-06,-84.9303,0.00012301,7.84188e-06,-0.999783,0.0208222,3.00497e-06,0,0,0,0,0,0,0,0,0,0,0,0,0,0,0,0,0,0,0,0,0,0,0,0,0,0,0,0,0,0,0,0,0,0,0,0.0372394,0.0285683,0.0831314,0.0329178,0.0320232,0.0443977,0.0332588,0.0524024,0.0317515,0.0126977,0.00198633,0.00587106,0.00777071,0,
56,-0.331613,-1.39143e-05,-1.1614e-06,-84.9303,0.00012301,7.84188e-06,-0.999783,0.0208222,2.51415e-06,0,0,0,0,0,0,0,0,0,0,0,0,0,0,0,0,0,0,0,0,0,0,0,0,0,0,0,0,0,0,0,0,0,0,0,0.0242138,0.0408519,0.0192466,0.0299927,0.0532316,0.0570805,0.0374,0.0654564,0.0195005,0.0123139,0.00949562,0.00814164,0.00714163,0,
57,-0.314159,-1.39143e-05,-1.1614e-06,-84.9303,0.00012301,7.84188e-06,-0.999783,0.0208222,1.90215e-06,0,0,0,0,0,0,0,0,0,0,0,0,0,0,0,0,0,0,0,0,0,0,0,0,0,0,0,0,0,0,0,0,0,0,0,0.035229,0.0316347,0.0161656,0.0423104,0.0558002,0.101966,0.0498704,0.0781547,0.0194457,0.0145417,0.0204986,0.0146269,0.00661029,0,
58,-0.296706,-1.39143e-05,-1.1614e-06,-84.9303,0.00012301,7.84188e-06,-0.999783,0.0208222,4.14326e-06,0,0,0,0,0,0,0,0,0,0,0,0,0,0,0,0,0,0,0,0,0,0,0,0,0,0,0,0,0,0,0,0,0,0,0,0.0527918,0.0501272,0.0172089,0.0127943,0.0504749,0.0573876,0.0264884,0.068457,0.025279,0.0117069,0.0123389,0.0116546,0.0178171,0,
59,-0.279253,-1.39143e-05,-1.1614e-06,-84.9303,0.00012301,7.84188e-06,-0.999783,0.0208222,9.15144e-07,0,0,0,0,0,0,0,0,0,0,0,0,0,0,0,0,0,0,0,0,0,0,0,0,0,0,0,0,0,0,0,0,0,0,0,0.0995579,0.0643883,0.0374141,0.0229147,0.0890263,0.0320383,0.120481,0.0193067,0.024991,0.0211128,0.00793809,0.0136924,0.00282782,0,
60,-0.261799,-1.39143e-05,-1.1614e-06,-84.9303,0.00012301,7.84188e-06,-0.999783,0.0208222,2.69618e-06,0,0,0,0,0,0,0,0,0,0,0,0,0,0,0,0,0,0,0,0,0,0,0,0,0,0,0,0,0,0,0,0,0,0,0,0,0.0497829,0.0260659,0.0365925,0.0212666,0.0216178,0.031358,0.0565569,0.0279134,0.0110891,0.00553944,0.0196071,0.0100985,0,
61,-0.244346,-1.39143e-05,-1.1614e-06,-84.9303,0.00012301,7.84188e-06,-0.999783,0.0208222,2.74847e-06,0,0,0,0,0,0,0,0,0,0,0,0,0,0,0,0,0,0,0,0,0,0,0,0,0,0,0,0,0,0,0,0,0,0,0,0,0.0343649,0.0199081,0.0297367,0.0302418,0.0460872,0.00186647,0,0.0311504,0.0191195,0.00198104,0.00798915,0.00554273,0,
62,-0.226893,-1.39143e-05,-1.1614e-06,-84.9303,0.00012301,7.84188e-06,-0.999783,0.0208222,2.04647e-06,0,0,0,0,0,0,0,0,0,0,0,0,0,0,0,0,0,0,0,0,0,0,0,0,0,0,0,0,0,0,0,0,0,0,0,0,0.0116178,0.0465594,0.0461951,0.0512458,0.0435719,0.00555014,0,0,0.0336369,0.0135851,0.0284091,0.0239318,0,
63,-0.20944,-1.39143e-05,-1.1614e-06,-84.9303,0.00012301,7.84188e-06,-0.999783,0.0208222,2.13894e-06,0,0,0,0,0,0,0,0,0,0,0,0,0,0,0,0,0,0,0,0,0,0,0,0,0,0,0,0,0,0,0,0,0,0,0,0,0.0254761,0.0145473,0.077702,0.09288,0.0160611,0,0,0,0,0.00153213,0.0222566,0.0204216,0,
64,-0.191986,-1.39143e-05,-1.1614e-06,-84.9303,0.00012301,7.84188e-06,-0.999783,0.0208222,2.13892e-06,0,0,0,0,0,0,0,0,0,0,0,0,0,0,0,0,0,0,0,0,0,0,0,0,0,0,0,0,0,0,0,0,0,0,0,0,0.00610783,0.0328898,0.0246746,0.0438699,0.010359,0,0,0,0,0.0365155,0.0731082,0.0356044,0,
65,-0.174533,-1.39143e-05,-1.1614e-06,-84.9303,0.00012301,7.84188e-06,-0.999783,0.0208222,0,0,0,0,0,0,0,0,0,0,0,0,0,0,0,0,0,0,0,0,0,0,0,0,0,0,0,0,0,0,0,0,0,0,0,0,0,0.0220235,0.0278277,0.0673084,0.012202,0.00933269,0,0,0,0.0274082,0.0941041,0.0144905,0.018232,0,
66,-0.15708,-1.39143e-05,-1.1614e-06,-84.9303,0.00012301,7.84188e-06,-0.999783,0.0208222,2.28454e-06,0,0,0,0,0,0,0,0,0,0,0,0,0,0,0,0,0,0,0,0,0,0,0,0,0,0,0,0,0,0,0,0,0,0,0,0,0.0387075,0.0391352,0.031343,0.0514865,0.0138007,0,0,0,0.0280173,0.0508127,0.0687845,0.0610502,0,
67,-0.139626,-1.39143e-05,-1.1614e-06,-84.9303,0.00012301,7.84188e-06,-0.999783,0.0208222,2.7293e-06,0,0,0,0,0,0,0,0,0,0,0,0,0,0,0,0,0,0,0,0,0,0,0,0,0,0,0,0,0,0,0,0,0,0,0,0,0.0838956,0.00440767,0.0223267,0.0439963,0.0751529,0,0.0396753,0.0137877,0.0485555,0.033048,0.0461214,0.0388217,0,
68,-0.122173,-1.39143e-05,-1.1614e-06,-84.9303,0.00012301,7.84188e-06,-0.999783,0.0208222,2.78162e-06,0,0,0,0,0,0,0,0,0,0,0,0,0,0,0,0,0,0,0,0,0,0,0,0,0,0,0,0,0,0,0,0,0,0,0,0,0.116334,0.0174118,0.04312,0.0369808,0.0303124,0.0461443,0.0583328,0.0393135,0.0165677,0.062549,0.0429274,0.0160455,0,
69,-0.10472,-1.39143e-05,-1.1614e-06,-84.9303,0.00012301,7.84188e-06,-0.999783,0.0208222,2.52577e-06,0,0,0,0,0,0,0,0,0,0,0,0,0,0,0,0,0,0,0,0,0,0,0,0,0,0,0,0,0,0,0,0,0,0,0,0,0.0326025,0.011215,0.0133527,0.0101853,0.0246429,0.0151339,0.0321114,0.0547316,0.0165013,0.0157354,0.0332312,0.0616537,0,
70,-0.0872665,-1.39143e-05,-1.1614e-06,-84.9303,0.00012301,7.84188e-06,-0.999783,0.0208222,2.02947e-06,0,0,0,0,0,0,0,0,0,0,0,0,0,0,0,0,0,0,0,0,0,0,0,0,0,0,0,0,0,0,0,0,0,0,0,0,0,0.00363004,0.00456089,0.0158982,0.0181168,0.0411671,0.0234483,0.0315876,0.0379413,0.0340924,0.0313463,0.0370036,0,
71,-0.0698132,-1.39143e-05,-1.1614e-06,-84.9303,0.00012301,7.84188e-06,-0.999783,0.0208222,2.46576e-06,0,0,0,0,0,0,0,0,0,0,0,0,0,0,0,0,0,0,0,0,0,0,0,0,0,0,0,0,0,0,0,0,0,0,0,0,0,0.0364266,0.0116015,0.0219065,0.101456,0.0299864,0.0220738,0.0788565,0.0123054,0.0242837,0.044686,0.0393738,0,
72,-0.0523599,-1.39143e-05,-1.1614e-06,-84.9303,0.00012301,7.84188e-06,-0.999783,0.0208222,2.69511e-06,0,0,0,0,0,0,0,0,0,0,0,0,0,0,0,0,0,0,0,0,0,0,0,0,0,0,0,0,0,0,0,0,0,0,0,0,0,0.064472,0.0550894,0.0574197,0.0575896,0.0134609,0.00335071,0.0194381,0.0347669,0,0.064855,0.0417829,0,
73,-0.0349066,-1.39143e-05,-1.1614e-06,-84.9303,0.00012301,7.84188e-06,-0.999783,0.0208222,2.95554e-06,0,0,0,0,0,0,0,0,0,0,0,0,0,0,0,0,0,0,0,0,0,0,0,0,0,0,0,0,0,0,0,0,0,0,0,0,0,0.0277578,0.0331018,0.050081,0.0195653,0.00435775,0.0153929,0.0265068,0.00748465,0,0,0,0,
74,-0.0174533,-1.39143e-05,-1.1614e-06,-84.9303,0.00012301,7.84188e-06,-0.999783,0.0208222,2.74205e-06,0,0,0,0,0,0,0,0,0,0,0,0,0,0,0,0,0,0,0,0,0,0,0,0,0,0,0,0,0,0,0,0,0,0,0,0,0,0.0262464,0.0113202,0.069405,0.0228213,0.013268,0.00683186,0.0148557,0.0193772,0,0,0,0,
75,1.36696e-15,-1.39143e-05,-1.1614e-06,-84.9303,0.00012301,7.84188e-06,-0.999783,0.0208222,3.42796e-06,0,0,0,0,0,0,0,0,0,0,0,0,0,0,0,0,0,0,0,0,0,0,0,0,0,0,0,0,0,0,0,0,0,0,0,0,0,0.0314065,0.020473,0.0344818,0.0389456,0.0293341,0.0621799,0.0242166,0.0362096,0,0,0,0,
76,0.0174533,-1.39143e-05,-1.1614e-06,-84.9303,0.00012301,7.84188e-06,-0.999783,0.0208222,1.71411e-06,0,0,0,0,0,0,0,0,0,0,0,0,0,0,0,0,0,0,0,0,0,0,0,0,0,0,0,0,0,0,0,0,0,0,0,0,0,0.0110465,0.0221225,0.071158,0.00148252,0.0307567,0.0694616,0.0356442,0.00268793,0,0,0,0,
77,0.0349066,-1.39143e-05,-1.1614e-06,-84.9303,0.00012301,7.84188e-06,-0.999783,0.0208222,2.94138e-06,0,0,0,0,0,0,0,0,0,0,0,0,0,0,0,0,0,0,0,0,0,0,0,0,0,0,0,0,0,0,0,0,0,0,0,0,0,0.037207,0.0197231,0.0130133,0.0210674,0.0241997,0.0392392,0.00864767,0.00130576,0,0,0,0,
78,0.0523599,-1.39143e-05,-1.1614e-06,-84.9303,0.00012301,7.84188e-06,-0.999783,0.0208222,2.61266e-06,0,0,0,0,0,0,0,0,0,0,0,0,0,0,0,0,0,0,0,0,0,0,0,0,0,0,0,0,0,0,0,0,0,0,0,0,0,0.0144412,0.0349497,0.0143376,0.0204225,0.0217207,0.0107077,0.0203528,0.00695154,0,0,0.00402332,0,
79,0.0698132,-1.39143e-05,-1.1614e-06,-84.9303,0.00012301,7.84188e-06,-0.999783,0.0208222,1.5284e-06,0,0,0,0,0,0,0,0,0,0,0,0,0,0,0,0,0,0,0,0,0,0,0,0,0,0,0,0,0,0,0,0,0,0,0,0,0,0.00694988,0.0280415,0.0212623,0.0269714,0.0369018,0.0198094,0.0482449,0.0579859,0.0157117,0.0100057,0.00353459,0,
80,0.0872665,-1.39143e-05,-1.1614e-06,-84.9303,0.00012301,7.84188e-06,-0.999783,0.0208222,3.4338e-06,0,0,0,0,0,0,0,0,0,0,0,0,0,0,0,0,0,0,0,0,0,0,0,0,0,0,0,0,0,0,0,0,0,0,0,0,0,0.0221828,0.00642893,0.0294008,0.020086,0.0414582,0.0663003,0.0270922,0.0216347,0.044024,0.0284134,0.0110478,0,
81,0.10472,-1.39143e-05,-1.1614e-06,-84.9303,0.00012301,7.84188e-06,-0.999783,0.0208222,3.50636e-07,0,0,0,0,0,0,0,0,0,0,0,0,0,0,0,0,0,0,0,0,0,0,0,0,0,0,0,0,0,0,0,0,0,0,0,0,0,0.0149836,0.0577091,0.0148942,0.0262167,0.0386497,0.00439193,0.0516025,0.0310376,0.037783,0.021202,0.00270851,0,
82,0.122173,-1.39143e-05,-1.1614e-06,-84.9303,0.00012301,7.84188e-06,-0.999783,0.0208222,3.2221e-06,0,0,0,0,0,0,0,0,0,0,0,0,0,0,0,0,0,0,0,0,0,0,0,0,0,0,0,0,0,0,0,0,0,0,0,0,0,0.0104642,0.0364216,0.0604476,0.0377849,0.0385577,0.0158675,0.0114506,0.0111629,0.0276237,0.0341556,0.00798312,0,
83,0.139626,-1.39143e-05,-1.1614e-06,-84.9303,0.00012301,7.84188e-06,-0.999783,0.0208222,2.46451e-06,-0,0,0,0,0,0,0,0,0,0,0,0,0,0,0,0,0,0,0,0,0,0,0,0,0,0,0,0,0,0,0,0,0,0,0,0,0,0.0452702,0.0408384,0.037487,0.0490848,0.0641486,0.0249633,0.0385314,0.0104131,0.0515429,0.0131761,0.0236575,0,
84,0.15708,-1.39143e-05,-1.1614e-06,-84.9303,0.00012301,7.84188e-06,-0.999783,0.0208222,1.69302e-06,0,0,0,0,0,0,0,0,0,0,0,0,0,0,0,0,0,0,0,0,0,0,0,0,0,0,0,0,0,0,0,0,0,0,0,0,0,0.0255778,0.0390126,0.0216358,0.0292456,0.0327518,0.0555811,0.0678177,0.0108447,0.00942877,0.049221,0.032304,0,
85,0.174533,-1.39143e-05,-1.1614e-06,-84.9303,0.00012301,7.84188e-06,-0.999783,0.0208222,2.16388e-06,0,0,0,0,0,0,0,0,0,0,0,0,0,0,0,0,0,0,0,0,0,0,0,0,0,0,0,0,0,0,0,0,0,0,0,0,0,0.034628,0.0604153,0.0427632,0.0190817,0.0284651,0.00844579,0.0126174,0.0448492,0.0492112,0.0591552,0.0545147,0,
86,0.191986,-1.39143e-05,-1.1614e-06,-84.9303,0.00012301,7.84188e-06,-0.999783,0.0208222,2.97174e-06,0,0,0,0,0,0,0,0,0,0,0,0,0,0,0,0,0,0,0,0,0,0,0,0,0,0,0,0,0,0,0,0,0,0,0,0,0,0.029963,0.0307461,0.00652316,0.0273975,0,0.0577457,0.0407239,0.0285025,0.0242901,0.0164905,0.0256652,0,
87,0.20944,-1.39143e-05,-1.1614e-06,-84.9303,0.00012301,7.84188e-06,-0.999783,0.0208222,4.2306e-06,0,0,0,0,0,0,0,0,0,0,0,0,0,0,0,0,0,0,0,0,0,0,0,0,0,0,0,0,0,0,0,0,0,0,0,0,0,0.00187035,0.0114054,0,0.0292006,0.0280724,0.0548268,0.0332473,0.015527,0.00487323,0.0208428,0.0425141,0,
88,0.226893,-1.39143e-05,-1.1614e-06,-84.9303,0.00012301,7.84188e-06,-0.999783,0.0208222,2.43704e-06,0,0,0,0,0,0,0,0,0,0,0,0,0,0,0,0,0,0,0,0,0,0,0,0,0,0,0,0,0,0,0,0,0,0,0,0,0,0.0417217,0.0120758,0.0315202,0.0316296,0.0691512,0.0340911,0.0267591,0.0144566,0.0315865,0.0182658,0.0338621,0,
89,0.244346,-1.39143e-05,-1.1614e-06,-84.9303,0.00012301,7.84188e-06,-0.999783,0.0208222,2.51429e-06,0,0,0,0,0,0,0,0,0,0,0,0,0,0,0,0,0,0,0,0,0,0,0,0,0,0,0,0,0,0,0,0,0,0,0,0,0,0.0169027,0.0329077,0.0608543,0.0709324,0.0307561,0.00458568,0.00758089,0.00681295,0.0449591,0.0149457,0.0494489,0,
90,0.261799,-1.39143e-05,-1.1614e-06,-84.9303,0.00012301,7.84188e-06,-0.999783,0.0208222,1.45123e-06,0,0,0,0,0,0,0,0,0,0,0,0,0,0,0,0,0,0,0,0,0,0,0,0,0,0,0,0,0,0,0,0,0,0,0,0,0,0.0520552,0.0224768,0.0449405,0.0597138,0.00846835,0.00495117,0.0369036,0.0136695,0.0195372,0.0281752,0.0163337,0,
91,0.279253,-1.39143e-05,-1.1614e-06,-84.9303,0.00012301,7.84188e-06,-0.999783,0.0208222,2.38673e-06,0,0,0,0,0,0,0,0,0,0,0,0,0,0,0,0,0,0,0,0,0,0,0,0,0,0,0,0,0,0,0,0,0,0,0,0,0,0.0582448,0.0512701,0.0274546,0.0292778,0.0449972,0.0506884,0.0624248,0.0168087,0.00938244,0.0234853,0.0301023,0,
92,0.296706,-1.39143e-05,-1.1614e-06,-84.9303,0.00012301,7.84188e-06,-0.999783,0.0208222,3.32956e-06,0,0,0,0,0,0,0,0,0,0,0,0,0,0,0,0,0,0,0,0,0,0,0,0,0,0,0,0,0,0,0,0,0,0,0,0,0,0.0541187,0.0714099,0.0269683,0.0503702,0.0442836,0.0920953,0.100378,0.0371619,0.060721,0.0898002,0.0334347,0,
93,0.314159,-1.39143e-05,-1.1614e-06,-84.9303,0.00012301,7.84188e-06,-0.999783,0.0208222,1.00892e-06,0,0,0,0,0,0,0,0,0,0,0,0,0,0,0,0,0,0,0,0,0,0,0,0,0,0,0,0,0,0,0,0,0,0,0,0,0,0.0461166,0.0234409,0.0250291,0.0470181,0.0770811,0.0476821,0.0518589,0.0448501,0.0475913,0.0280392,0.0261964,0,
94,0.331613,-1.39143e-05,-1.1614e-06,-84.9303,0.00012301,7.84188e-06,-0.999783,0.0208222,5.63594e-06,0,0,0,0,0,0,0,0,0,0,0,0,0,0,0,0,0,0,0,0,0,0,0,0,0,0,0,0,0,0,0,0,0,0,0,0,0,0.0155358,0.03897,0.0424056,0.0280815,0.0841221,0.0393394,0.0352527,0.0157068,0.0550896,0.0363947,0.032815,0,
95,0.349066,-1.39143e-05,-1.1614e-06,-84.9303,0.00012301,7.84188e-06,-0.999783,0.0208222,2.41901e-06,0,0,0,0,0,0,0,0,0,0,0,0,0,0,0,0,0,0,0,0,0,0,0,0,0,0,0,0,0,0,0,0,0,0,0,0,0,0.0515266,0.0217215,0.0446007,0.0540141,0.087403,0.0752262,0.038759,0.0384718,0.0227548,0.0297046,0.0224331,0,
96,0.366519,-1.39143e-05,-1.1614e-06,-84.9303,0.00012301,7.84188e-06,-0.999783,0.0208222,1.96113e-06,0,0,0,0,0,0,0,0,0,0,0,0,0,0,0,0,0,0,0,0,0,0,0,0,0,0,0,0,0,0,0,0,0,0,0,0,0,0.0406983,0.0290396,0.0300851,0.0223058,0.0247637,0.0507279,0.0421782,0.0532416,0.0209842,0.0271837,0.0140377,0,
97,0.383972,-1.39143e-05,-1.1614e-06,-84.9303,0.00012301,7.84188e-06,-0.999783,0.0208222,1.97668e-06,0,0,0,0,0,0,0,0,0,0,0,0,0,0,0,0,0,0,0,0,0,0,0,0,0,0,0,0,0,0,0,0,0,0,0,0,0,0.0390083,0.0630866,0.0633085,0.0769469,0.09605,0.0160034,0.00521709,0.0123535,0.0160243,0.0348014,0.0190442,0,
98,0.401426,-1.39143e-05,-1.1614e-06,-84.9303,0.00012301,7.84188e-06,-0.999783,0.0208222,2.40788e-06,0,0,0,0,0,0,0,0,0,0,0,0,0,0,0,0,0,0,0,0,0,0,0,0,0,0,0,0,0,0,0,0,0,0,0,0,0,0.0412769,0.0629524,0.0374053,0.0453752,0.0636497,0.00907032,0.0181752,0.0511468,0.0301647,0.0324092,0.0327314,0,
99,0.418879,-1.39143e-05,-1.1614e-06,-84.9303,0.00012301,7.84188e-06,-0.999783,0.0208222,1.88642e-06,0,0,0,0,0,0,0,0,0,0,0,0,0,0,0,0,0,0,0,0,0,0,0,0,0,0,0,0,0,0,0,0,0,0,0,0,0,0.0328048,0.0485031,0.0830831,0.0549083,0.0233781,0.0181269,0.0134195,0.00659128,0.0441072,0.0383955,0.0698174,0,
100,0.436332,-1.39143e-05,-1.1614e-06,-84.9303,0.00012301,7.84188e-06,-0.999783,0.0208222,2.89651e-06,0,0,0,0,0,0,0,0,0,0,0,0,0,0,0,0,0,0,0,0,0,0,0,0,0,0,0,0,0,0,0,0,0,0,0,0,0,0.0450535,0.0785354,0.0466477,0.00883184,0.016159,0.0368417,0.00254536,0.00800728,0.0342138,0.046235,0.0443153,0,
101,0.453786,-1.39143e-05,-1.1614e-06,-84.9303,0.00012301,7.84188e-06,-0.999783,0.0208222,1.69812e-06,0,0,0,0,0,0,0,0,0,0,0,0,0,0,0,0,0,0,0,-0,0,0,0,0,0,0,0,0,0,0,0,0,0,0,0,0,0,0.0356817,0.0352364,0.0502301,0.00961201,0.0150473,0.0211058,0.0309024,0.0293204,0.0289796,0.0713651,0.0310903,0,
102,0.471239,-1.39143e-05,-1.1614e-06,-84.9303,0.00012301,7.84188e-06,-0.999783,0.0208222,7.12704e-07,0,0,0,0,0,0,0,0,0,0,0,0,0,0,0,0,0,0,0,0,0,0,0,0,0,0,0,0,0,0,0,0,0,0,0,0,-0,0.0636975,0.0349056,0.0933312,0.089652,0.0315192,0.013517,0.0555837,0.0100927,0.0406084,0.0100735,0.0336014,0,
103,0.488692,-1.39143e-05,-1.1614e-06,-84.9303,0.00012301,7.84188e-06,-0.999783,0.0208222,1.796e-06,0,0,0,0,0,0,0,0,0,0,0,0,0,0,0,0,0,0,0,0,0,0,0,0,0,0,0,0,0,0,0,0,0,0,0,0,0,0.0146555,0.033111,0.0232558,0.0166316,0.00852214,0.0332187,0.0203108,0.0361148,0.014784,0.103558,0.0309522,0,
104,0.506145,-1.39143e-05,-1.1614e-06,-84.9303,0.00012301,7.84188e-06,-0.999783,0.0208222,3.67246e-06,0,0,0,0,0,0,0,0,0,0,0,0,0,0,0,0,0,0,0,0,0,0,0,0,0,0,0,0,0,0,0,0,0,0,0,0,0,0.0110464,0.0515873,0.0262557,0.0384571,0.0541856,0.124195,0.0539014,0.0404989,0.0512482,0.0079433,0.0917207,0,
105,0.523599,-1.39143e-05,-1.1614e-06,-84.9303,0.00012301,7.84188e-06,-0.999783,0.0208222,1.58822e-06,0,0,0,0,0,0,0,0,0,0,0,0,0,0,0,0,0,0,0,0,0,0,0,0,0,0,0,0,0,0,0,0,0,0,0,0,0,0.0631794,0.0283712,0.0169367,0.00883287,0.0149981,0.0338699,0.0502048,0.0750917,0.0496649,0.0735387,0.060323,0,
106,0.541052,-1.39143e-05,-1.1614e-06,-84.9303,0.00012301,7.84188e-06,-0.999783,0.0208222,2.41712e-06,0,0,0,0,0,0,0,0,0,0,0,0,0,0,0,0,0,0,0,0,0,0,0,0,0,0,0,0,0,0,0,0,0,0,0,0,0,0.0578387,0.00527142,0.0317131,0.0150747,0.0264128,0.0541572,0.0616872,0.0837195,0.0315589,0.0554053,0.0588049,0,
107,0.558505,-1.39143e-05,-1.1614e-06,-84.9303,0.00012301,7.84188e-06,-0.999783,0.0208222,1.77116e-06,0,0,0,0,0,0,0,0,0,0,0,0,0,0,0,0,0,0,0,0,0,0,0,0,0,0,0,0,0,0,0,0,0,0,0,0,0,0.0167313,0.0133263,0.00651601,0.0360302,0.025944,0.0108542,0.0650023,0.0325213,0.0225688,0.0329712,0.032161,0,
108,0.575959,-1.39143e-05,-1.1614e-06,-84.9303,0.00012301,7.84188e-06,-0.999783,0.0208222,1.78415e-06,0,0,0,0,0,0,0,0,0,0,0,0,0,0,0,0,0,0,0,0,0,0,0,0,0,0,0,0,0,0,0,0,0,0,0,-0,0,0.0233798,0.0201166,0.0319429,0.0357689,0.0128203,0.0314112,0.0129579,0.0354412,0.0352775,0.0184182,0.0266804,0,
109,0.593412,-1.39143e-05,-1.1614e-06,-84.9303,0.00012301,7.84188e-06,-0.999783,0.0208222,1.93253e-06,0,0,0,0,0,0,0,0,0,0,0,0,0,0,0,0,0,0,0,0,0,0,0,0,0,0,0,0,0,0,0,0,0,0,0,0,0,0.0170322,0.0544895,0.0463011,0.0659891,0.0169994,0.0236039,0.0244572,0.0347946,0.0596608,0.0450372,0.0277515,0,
110,0.610865,-1.39143e-05,-1.1614e-06,-84.9303,0.00012301,7.84188e-06,-0.999783,0.0208222,1.89632e-06,0,0,0,0,0,0,0,0,0,0,0,0,0,0,0,0,0,0,0,0,0,0,0,0,0,0,0,0,0,0,0,0,0,0,0,0,0,0.0107454,0.0343311,0.00623549,0.034041,0.0157272,0.0511705,0.0151715,0.124238,0.0347512,0.0244506,0.0874105,0,
111,0.628319,-1.39143e-05,-1.1614e-06,-84.9303,0.00012301,7.84188e-06,-0.999783,0.0208222,1.07841e-06,0,0,0,0,0,0,0,0,0,0,0,0,0,0,0,-0,0,0,0,0,0,0,0,0,0,0,0,0,0,0,0,0,0,0,0,0,0,0.0523121,0.0287453,0.0085728,0.0578381,0.0334491,0.0313682,0.0420459,0.0398889,0.0120907,0.0619039,0.0635876,0,
112,0.645772,-1.39143e-05,-1.1614e-06,-84.9303,0.00012301,7.84188e-06,-0.999783,0.0208222,1.1483e-06,0,0,0,0,0,0,0,0,0,0,0,0,0,0,0,0,0,0,0,0,0,0,0,0,0,0,0,0,0,0,0,0,0,0,0,0,0,0.00838084,0.048916,0.00895522,0.0589298,0.0364566,0.0608344,0.030104,0.0417058,0.0480173,0.0158377,0.0749056,0,
113,0.663225,-1.39143e-05,-1.1614e-06,-84.9303,0.00012301,7.84188e-06,-0.999783,0.0208222,3.34267e-06,0,0,0,0,0,0,0,0,0,0,0,0,0,0,0,0,0,0,0,0,0,0,0,0,0,0,0,0,0,0,0,0,0,0,0,0,0,0.0167244,0.024572,0.0411381,0.0379613,0.0360081,0.0306326,0.0145273,0.0519521,0.0199707,0.0545985,0.0404064,0,
114,0.680678,-1.39143e-05,-1.1614e-06,-84.9303,0.00012301,7.84188e-06,-0.999783,0.0208222,1.15543e-06,0,0,0,0,0,0,0,0,0,0,0,0,0,0,0,0,0,0,0,0,0,0,0,0,0,0,0,0,0,0,0,0,0,0,0,0,0,0.0221718,0.0736347,0.0328517,0.00646167,0.0296822,0.052093,0.0361664,0.0285903,0.0308306,0.0243199,0.0307897,0,
115,0.698132,-1.39143e-05,-1.1614e-06,-84.9303,0.00012301,7.84188e-06,-0.999783,0.0208222,3.23012e-06,0,0,0,0,0,0,0,0,0,0,0,0,0,0,0,0,0,0,0,0,0,0,0,0,0,0,0,0,0,0,0,0,0,0,0,0,0,0.0589103,0.0135459,0.04209,0.00680439,0.0648457,0.0241513,0.0752907,0.0527951,0.00775524,0.0645675,0.0362432,0,
116,0.715585,-1.39143e-05,-1.1614e-06,-84.9303,0.00012301,7.84188e-06,-0.999783,0.0208222,3.25589e-06,0,0,0,0,0,0,0,0,0,0,0,0,0,0,0,0,0,0,0,0,0,0,0,0,0,0,0,0,0,0,0,0,0,0,0,0,0,0.00247531,0.0316126,0.0099098,0.0316192,0.0745846,0.0468593,0.0545419,0.0660702,0.0402037,0.0181376,0.0596757,0,
117,0.733038,-1.39143e-05,-1.1614e-06,-84.9303,0.00012301,7.84188e-06,-0.999783,0.0208222,1.67074e-06,0,0,0,0,0,0,0,0,0,0,0,0,0,0,0,0,0,0,0,0,0,0,0,0,0,0,0,0,0,0,0,0,0,0,0,0,0,0.0254075,0.030859,0.0685205,0.0136627,0.04489,0.0615291,0.0376857,0.0308672,0.0210631,0.0719654,0.0552958,0,
118,0.750492,-1.39143e-05,-1.1614e-06,-84.9303,0.00012301,7.84188e-06,-0.999783,0.0208222,2.4041e-06,0,0,0,0,0,0,0,0,0,0,0,0,0,0,0,0,0,0,0,0,0,0,0,0,0,0,0,0,0,0,0,0,0,0,0,0,0,0.0161268,0.023975,0.0240554,0.0216573,0.0450297,0.0133875,0.0800935,0.0274205,0.0113039,0.0264126,0.0148795,0,
119,0.767945,-1.39143e-05,-1.1614e-06,-84.9303,0.00012301,7.84188e-06,-0.999783,0.0208222,1.67081e-06,0,0,0,0,0,0,0,0,0,0,0,0,0,0,0,0,0,0,0,0,0,0,0,0,0,0,0,0,0,0,0,0,0,0,0,0,0,0.0247882,0.0322411,0.0141631,0.0235863,0.0312128,0.0431197,0.0287291,0.0189457,0.0389658,0.0691934,0.0459617,0,
120,0.785398,-1.39143e-05,-1.1614e-06,-84.9303,0.00012301,7.84188e-06,-0.999783,0.0208222,2.19675e-06,0,0,0,0,0,0,0,0,0,0,0,0,0,0,0,0,0,0,0,-0,0,0,0,0,0,0,0,0,0,0,0,0,0,0,0,0,0,0.0315196,0.0125969,0.0227986,0.0569438,0.0763906,0.0186446,0.0275197,0.0483922,0.0486804,0.0387496,0.0485478,0,
121,0.802851,-1.39143e-05,-1.1614e-06,-84.9303,0.00012301,7.84188e-06,-0.999783,0.0208222,3.77877e-06,0,0,0,-0,0,0,0,0,0,0,0,0,0,0,0,0,0,0,0,0,0,0,0,0,0,0,0,0,0,0,0,0,0,0,0,0,0,0.0189484,0.0181601,0.026005,0.0194993,0.0185634,0.00816662,0.0533371,0.00803569,0.0363201,0.0353789,0.0385158,0,
122,0.820305,-1.39143e-05,-1.1614e-06,-84.9303,0.00012301,7.84188e-06,-0.999783,0.0208222,3.26239e-06,0,0,0,0,0,0,0,0,0,0,0,0,0,0,0,0,0,0,0,0,0,0,0,0,0,0,0,0,0,0,0,0,0,0,0,0,0,0.0210712,0.0161931,0.0177083,0.0164617,0.04494,0.0289625,0.065439,0.040085,0.0286343,0.0242059,0.00523175,0,
123,0.837758,-1.39143e-05,-1.1614e-06,-84.9303,0.00012301,7.84188e-06,-0.999783,0.0208222,1.35689e-06,0,0,0,0,0,0,0,0,0,0,0,0,0,0,0,0,0,0,0,0,0,0,0,0,0,0,0,0,0,0,0,0,0,0,0,0,0,0.00621128,0.0278822,0.0132584,0.030819,0.0321849,0.0266016,0.0422737,0.0282327,0.0304612,0.0173366,0.0234434,0,
124,0.855211,-1.39143e-05,-1.1614e-06,-84.9303,0.00012301,7.84188e-06,-0.999783,0.0208222,2.40017e-06,0,0,0,0,0,0,0,0,0,0,0,0,0,0,0,0,0,0,0,0,0,0,0,0,0,0,0,0,0,0,0,0,0,0,0,0,0,0.0250115,0.0171973,0.0867696,0.0182293,0.0236006,0.025453,0.0415336,0.0189529,0.0277978,0.0323841,0.00933896,0,
125,0.872665,-1.39143e-05,-1.1614e-06,-84.9303,0.00012301,7.84188e-06,-0.999783,0.0208222,2.6454e-06,0,0,0,0,0,0,0,0,0,0,0,0,0,0,0,0,0,0,0,0,0,0,0,0,0,0,0,0,0,0,0,0,0,0,0,0,0,0.00696743,0.0114001,0.0347907,0.0287348,0.0843548,0.037644,0.00953143,0.0209999,0.0121935,0.00556773,0.0227823,0,
126,0.890118,-1.39143e-05,-1.1614e-06,-84.9303,0.00012301,7.84188e-06,-0.999783,0.0208222,1.30405e-06,0,0,0,0,0,0,0,0,0,0,0,0,0,0,0,0,0,0,0,0,0,0,0,0,0,0,0,0,0,0,0,0,0,0,0,0,0,0.0246038,0.0228795,0.0204852,0.041943,0.0197731,0.0242793,0.0420546,0.0266063,0.0320327,0.0318341,0.038931,0,
127,0.907571,-1.39143e-05,-1.1614e-06,-84.9303,0.00012301,7.84188e-06,-0.999783,0.0208222,2.41061e-06,0,0,0,0,0,0,0,0,0,0,0,0,0,0,0,0,0,0,0,0,0,0,0,0,0,0,0,0,0,0,0,0,0,0,0,0,0,0.0193243,0.0314223,0.0226811,0.0209188,0.0409122,0.0108451,0.016993,0.0670293,0.0251346,0.0325812,0.0132599,0,
128,0.925025,-1.39143e-05,-1.1614e-06,-84.9303,0.00012301,7.84188e-06,-0.999783,0.0208222,1.04527e-06,0,0,0,0,0,0,0,0,0,0,0,0,0,0,0,0,0,0,0,0,0,0,0,0,0,0,0,0,-0,0,0,0,0,0,0,0,0,0.0282018,0.0344891,0.0128055,0.032026,0.00961902,0.00932208,0.0286141,0.0241913,0.0248434,0.0118319,0.0315722,0,
129,0.942478,-1.39143e-05,-1.1614e-06,-84.9303,0.00012301,7.84188e-06,-0.999783,0.0208222,1.80887e-06,0,0,0,0,0,0,0,0,0,0,0,0,0,0,0,0,0,0,0,0,0,0,0,0,0,0,0,0,0,0,0,0,0,0,0,0,0,0.019832,0,0.0051555,0.0131274,0.0124544,0.0151513,0.013228,0.0177554,0.0227531,0.0322909,0.0531335,0,
130,0.959931,-1.39143e-05,-1.1614e-06,-84.9303,0.00012301,7.84188e-06,-0.999783,0.0208222,1.29258e-06,0,0,0,0,0,0,0,0,0,0,0,0,0,0,0,0,0,0,0,0,0,0,0,0,0,0,0,0,0,0,0,0,0,0,0,0,0,0.0450636,0.0356989,0.0109075,0.0181536,0.0118578,0.0283874,0.0277982,0.0313053,0.0175879,0.0338547,0.0984776,0,
131,0.977384,-1.39143e-05,-1.1614e-06,-84.9303,0.00012301,7.84188e-06,-0.999783,0.0208222,1.43888e-06,0,0,0,0,0,0,0,0,0,0,0,0,0,0,0,0,0,0,0,0,0,0,0,0,0,0,0,0,0,0,0,0,0,0,0,0,0,0.0145215,0.0245015,0.0142724,0.0107883,0.035776,0.0143542,0.0524657,0.0459954,0.0531889,0.109227,0.0776729,0,
132,0.994838,-1.39143e-05,-1.1614e-06,-84.9303,0.00012301,7.84188e-06,-0.999783,0.0208222,2.65443e-06,0,0,0,0,0,0,0,0,0,0,0,0,0,0,0,0,0,0,0,0,0,0,0,0,0,0,0,0,0,0,0,0,0,0,0,0,0,0.000884874,0.00896874,0.0112655,0.0100619,0.011006,0.0210229,0.0245045,0.0224186,0.0794631,0.0941755,0,0,
133,1.01229,-1.39143e-05,-1.1614e-06,-84.9303,0.00012301,7.84188e-06,-0.999783,0.0208222,3.6352e-06,0,0,0,0,0,0,0,0,0,0,0,0,0,0,0,0,0,0,-0,0,0,0,0,0,0,0,0,0,0,0,0,0,0,0,0,0,0,0.0336305,0.00808965,0.0215367,0.00743221,0.0272246,0.0202333,0.00693693,0.0282252,0.0430711,0.0115471,0,0,
134,1.02974,-1.39143e-05,-1.1614e-06,-84.9303,0.00012301,7.84188e-06,-0.999783,0.0208222,2.49869e-06,0,0,0,0,0,0,0,0,0,0,0,0,0,0,0,0,0,0,0,0,0,0,0,0,0,0,0,0,0,0,0,0,0,0,0,0,0,0.00222052,0.0058117,0.00201915,0.00951082,0.000691137,0.0120232,0.0139927,0.0205865,0.0554444,0,0,0,
135,1.0472,-1.39143e-05,-1.1614e-06,-84.9303,0.00012301,7.84188e-06,-0.999783,0.0208222,2.48102e-06,0,0,0,0,0,0,0,0,0,0,0,0,0,0,0,0,0,0,0,0,0,0,0,0,0,0,0,0,0,0,0,0,0,0,0,0,0.000476057,0.0135541,0.00530342,0.0169376,0.00678091,0.00206833,0.0307904,0.0337308,0.0655634,0.0696395,0,0,0,
136,1.06465,-1.39143e-05,-1.1614e-06,-84.9303,0.00012301,7.84188e-06,-0.999783,0.0208222,2.32904e-06,0,0,0,0,0,0,0,0,0,0,0,0,0,0,0,0,0,0,0,0,0,0,0,0,0,0,0,0,0,0,0,0,0,0,0,0.0141968,0.00636051,0.0143548,0.00636032,0.00666955,0.00316099,0.027659,0.000573611,0.00160183,0.0114028,0,0,0,0,
137,1.0821,-1.39143e-05,-1.1614e-06,-84.9303,0.00012301,7.84188e-06,-0.999783,0.0208222,1.78731e-06,0,0,0,0,0,0,0,0,0,0,0,0,0,0,0,0,0,0,0,0,0,0,0,0,0,0,0,0,0,0,0,0,0,0,0,0.0190638,0.0128254,0.0148883,0.00502072,0.0032823,0.03494,0.00982229,0.0398039,0.025086,0.0193856,0,0,0,0,
138,1.09956,-1.39143e-05,-1.1614e-06,-84.9303,0.00012301,7.84188e-06,-0.999783,0.0208222,1.47754e-06,0,0,0,0,0,0,0,0,0,0,0,0,0,0,0,0,0,0,0,0,0,0,0,0,0,0,0,0,0,0,0,0,0,0,0.0546245,0.022808,0.0150349,0.0160654,0.0191077,0.00503828,0.0736794,0.00218122,0.025702,0.0223791,0,0,0,0,0,
139,1.11701,-1.39143e-05,-1.1614e-06,-84.9303,0.00012301,7.84188e-06,-0.999783,0.0208222,1.104e-06,0,0,0,0,0,0,0,0,0,0,0,0,0,0,0,0,0,0,0,0,0,0,0,0,0,0,0,0,0,0,0,0,0,0.000221995,0.0303914,0.0155534,0.00439101,0.00997819,0.0338523,0.0403903,0.0254991,0.0081286,0.0484557,0.0160525,0,0,0,0,0,
140,1.13446,-1.39143e-05,-1.1614e-06,-84.9303,0.00012301,7.84188e-06,-0.999783,0.0208222,2.42679e-06,0,0,-0,0,0,0,0,0,0,0,0,0,0,0,0,0,0,0,0,0,0,0,0,0,0,0,0,0,0,0,0,0.000114417,0.00664497,0.00750462,0.0127842,0.0154047,0.0117204,0.00209413,0.00712693,0.0268181,0.014644,0.0252472,0.012357,0.0434181,0,0,0,0,0,
141,1.15192,-1.39143e-05,-1.1614e-06,-84.9303,0.00012301,7.84188e-06,-0.999783,0.0208222,1.5152e-06,0,0,0,0,0,0,0,0,0,0,0,0,0,0,0,0,0,0,0,0,0,0,0,0,0,0,0,0,0,0,0.0018752,0.00648024,0.00626847,0.0140321,0.0162518,0.0173182,0.00891817,0.0110586,0.0271068,0.0344804,0.0197643,0.0619741,0.0386858,0.0217504,0.0192751,0,0,0,0,
142,1.16937,-1.39143e-05,-1.1614e-06,-84.9303,0.00012301,7.84188e-06,-0.999783,0.0208222,2.05993e-06,0,0,0,0,0,0,0,0,0,0,0,0,0,0,0,0,0,0,0,0,0,0,0,0,0,0,0,0,0,0.0336962,0.016106,0.0105326,0.0069507,0.0031786,0.0462615,0.0286651,0.0226,0.0171953,0.0235246,0.0409829,0.0186601,0.0212696,0.0400012,0.0260364,0.0833929,0,0,0,0,
143,1.18682,-1.39143e-05,-1.1614e-06,-84.9303,0.00012301,7.84188e-06,-0.999783,0.0208222,3.68126e-06,0,0,0,0,0,0,0,0,0,0,0,0,0,0,0,0,0,0,0,0,0,0,0,0,0,0,0,0,0.0010929,0.0143258,0.0173435,0.00975716,0.015694,0.0157375,0.00930689,0.0266567,0.0184712,0.0284198,0.0259997,0.0215459,0.0154703,0.0431787,0.0270607,0.0481965,0.0427526,0,0,0,0,
144,1.20428,-1.39143e-05,-1.1614e-06,-84.9303,0.00012301,7.84188e-06,-0.999783,0.0208222,2.0793e-06,0,0,0,0,0,0,0,0,0,0,0,0,0,0,0,0,0,0,0,0,0,0,0,0,0,0,0,0,0.00350698,0.0125432,0.0107484,0.00763688,0.00091746,0.0215181,0.0127119,0.0195905,0.0118773,0,0,0,0,0,0.000102953,0.0476484,0.0837764,0.0332955,0,0,0,
145,1.22173,-1.39143e-05,-1.1614e-06,-84.9303,0.00012301,7.84188e-06,-0.999783,0.0208222,1.91664e-06,0,0,0,0,0,0,0,0,0,0,0,0,0,0,0,0,0,0,0,0,0,0,0,0,0,0,0,0.00211077,0.000815599,0.00650137,0.0125713,0.0057466,0.0294809,0.0246194,0.0101503,0.0076759,0,0,0,0,0,0,0,0.0850569,0.095037,0.0229804,0,0,0,
146,1.23918,-1.39143e-05,-1.1614e-06,-84.9303,0.00012301,7.84188e-06,-0.999783,0.0208222,2.53176e-06,0,0,0,0,0,0,0,0,0,0,0,0,0,0,0,0,0,0,0,0,0,0,0,0,0,0,0,0.0188663,0.00258178,0.00522504,0.00171866,0.0039936,0.0132599,0.0335585,0.0607833,0,0,0,0,0,0,0,0,0,0.000546936,0.022678,0,0,0,
147,1.25664,-1.39143e-05,-1.1614e-06,-84.9303,0.00012301,7.84188e-06,-0.999783,0.0208222,2.59413e-06,0,0,0,0,0,0,0,0,0,0,0,0,0,0,0,0,0,0,0,0,0,0,0,0,0,0,0.0315583,0.0106998,0.00160299,0.00324375,0.00985914,0.0083128,0.0177723,0.0133876,0,0,0,0,0,0,0,0,0,0.00759339,0.00286178,0.029857,0,0,0,
148,1.27409,-1.39143e-05,-1.1614e-06,-84.9303,0.00012301,7.84188e-06,-0.999783,0.0208222,2.13843e-06,0,0,0,0,0,0,0,0,0,0,0,0,0,0,0,0,0,0,0,0,0,2.50358e-05,0,0,0,0,0.00251619,0.00418224,0.00583716,0.00425149,0.0318444,0.00443197,0.0185535,0.0333708,0,0,0.00186756,0.00529654,0,0,0,0,0.00999584,0.0764939,0.0888451,0.0203745,0,0,0,
149,1.29154,-1.39143e-05,-1.1614e-06,-84.9303,0.00012301,7.84188e-06,-0.999783,0.0208222,2.78364e-06,0,0,0,0,0,0,0,0,0,0,0,0,0,0,0,0,0,0,0,0,0.0329855,0.027649,0,0,0,0,0.00571059,0.000602088,0.0135389,0.00100472,0.0125226,0.0181982,0.0309259,0.0200597,0,0.000645281,0.0132831,0.0160449,0,0,0,0,0.074627,0.04012,0.0229436,0,0,0,0,
150,1.27409,-1.39143e-05,-1.1614e-06,-84.9303,0.00012301,7.84188e-06,-0.999783,0.0208222,2.36264e-06,0,0,0,0,0,0,0,0,0,0,0,0,0,0,0,0,0,0,0,0,0,1.72443e-05,0,0,0,0,0.00224497,0.0116668,0.0136253,0.00665263,0.0277188,0.00415425,0.0205149,0.0443505,0,0,0.00123445,0.00741273,0,0,0,0,0.0428005,0.0423682,0.0512418,0.0119472,0,0,0,
151,1.25664,-1.39143e-05,-1.1614e-06,-84.9303,0.00012301,7.84188e-06,-0.999783,0.0208222,2.65702e-06,0,0,0,0,0,0,0,0,0,0,0,0,0,0,0,0,0,0,0,0,0,0,0,0,0,0,0.0312766,0.0285403,0.00639372,0.00546632,0.00333626,0.0122761,0.0146638,0.0195344,0,0,0,0,0,0,0,0,0,0.00670769,0.0256376,0.0242915,0,0,0,
152,1.23918,-1.39143e-05,-1.1614e-06,-84.9303,0.00012301,7.84188e-06,-0.999783,0.0208222,2.01507e-06,0,0,0,0,0,0,0,0,0,0,0,0,0,0,0,0,0,0,0,0,0,0,0,0,0,0,0,0.0210089,0.00172141,0.00466437,0.00298808,0.00164772,0.00998155,0.0376289,0.0313178,0,0,0,0,0,0,0,0,0,0.00120238,0.0336134,0,0,0,
153,1.22173,-1.39143e-05,-1.1614e-06,-84.9303,0.00012301,7.84188e-06,-0.999783,0.0208222,1.79211e-06,0,0,0,0,0,0,0,0,0,0,0,0,0,0,0,0,0,0,0,0,0,0,0,0,0,0,0,0.0016512,0.00158495,0.00812677,0.0104172,0.00344091,0.046138,0.00867039,0.0235304,0.019353,0,0,0,0,0,0,0,0.0857874,0.0517741,0.0368818,0,0,0,
154,1.20428,-1.39143e-05,-1.1614e-06,-84.9303,0.00012301,7.84188e-06,-0.999783,0.0208222,1.45192e-06,0,0,0,0,0,0,0,0,0,0,0,0,0,0,0,0,0,0,0,0,0,0,0,0,0,0,0,0,0.00281805,0.00716394,0.0208758,0.0123656,0.00177563,0.0147528,0.0278424,0.0098117,0.0243131,0,0,0,0,0,8.34372e-05,0.0730885,0.0860144,0.0151684,0,0,0,
155,1.18682,-1.39143e-05,-1.1614e-06,-84.9303,0.00012301,7.84188e-06,-0.999783,0.0208222,1.11603e-06,0,0,0,0,-0,0,0,0,0,0,0,0,0,0,0,0,0,0,0,0,0,0,0,0,0,0,0,0,0.00188024,0.0089858,0.0257647,0.00838257,0.0133895,0.0206976,0.0053513,0.0123497,0.030994,0.0504628,0.0294766,0.0316321,0.0215076,0.0335137,0.0322477,0.0232688,0.0837133,0,0,0,0,
156,1.16937,-1.39143e-05,-1.1614e-06,-84.9303,0.00012301,7.84188e-06,-0.999783,0.0208222,2.45766e-06,0,0,0,0,0,0,0,0,0,0,0,0,0,0,0,0,0,0,0,0,0,0,0,0,0,0,0,0,0,0.0444404,0.018028,0.00902686,0.0131885,0.00961062,0.0187542,0.0235171,0.0167602,0,0.0284056,0.041236,0.0130476,0.050025,0.0489693,0.0469427,0.110253,0,0,0,0,
157,1.15192,-1.39143e-05,-1.1614e-06,-84.9303,0.00012301,7.84188e-06,-0.999783,0.0208222,2.43084e-06,0,0,0,0,0,0,0,0,0,0,0,0,0,0,0,0,0,0,-0,0,0,0,0,0,0,0,0,0,0,0,0.0036926,0.00490678,0.00467782,0.00873059,0.0114609,0.0268725,0.0148272,0.00459193,0.0336053,0.0366182,0.00555218,0.0424295,0.027398,0.0232272,0.0139875,0,0,0,0,
158,1.13446,-1.39143e-05,-1.1614e-06,-84.9303,0.00012301,7.84188e-06,-0.999783,0.0208222,1.9567e-06,0,0,0,0,0,0,0,0,0,0,0,0,0,0,0,0,0,0,0,0,0,0,0,0,0,0,0,0,0,0,0,0.000135128,0.0113529,0.00342777,0.00276258,0.0074119,0.0119285,0.0210418,0.0316358,0.0154186,0.0276419,0.0196901,0.0186937,0.004415,0,0,0,0,0,
159,1.11701,-1.39143e-05,-1.1614e-06,-84.9303,0.00012301,7.84188e-06,-0.999783,0.0208222,3.17922e-06,0,0,0,0,0,0,0,0,0,0,0,0,-0,0,0,0,0,0,0,0,0,0,0,0,0,0,0,0,0,0,0,0,0,0.000217521,0.0235083,0.0257845,0.0070939,0.0117028,0.0165675,0.0132437,0.0197076,0.0137826,0.0348568,0.0154678,0,0,0,0,0,
160,1.09956,-1.39143e-05,-1.1614e-06,-84.9303,0.00012301,7.84188e-06,-0.999783,0.0208222,1.93533e-06,0,0,0,0,0,0,0,0,0,0,0,0,0,0,0,0,0,0,0,0,0,0,0,0,0,0,0,0,0,0,0,0,0,0,0.0477945,0.0306155,0.0117274,0.00708009,0.00777359,0.0249476,0.0584905,0.0048641,0.0215812,0.00736082,0,0,0,0,0,
161,1.0821,-1.39143e-05,-1.1614e-06,-84.9303,0.00012301,7.84188e-06,-0.999783,0.0208222,2.84613e-06,0,0,0,0,0,0,0,0,0,0,0,0,0,0,0,0,0,0,0,0,0,0,0,0,0,0,0,0,0,0,0,0,0,0,0,0.00617638,0.0233107,0.0219212,0.00595507,0.00476,0.0364968,0.00599505,0.0352518,0.024723,0.0224635,0,0,0,0,
162,1.06465,-1.39143e-05,-1.1614e-06,-84.9303,0.00012301,7.84188e-06,-0.999783,0.0208222,7.01621e-07,0,0,0,0,0,0,0,0,0,0,0,0,0,0,0,0,0,0,0,0,0,0,0,0,0,0,0,0,0,0,0,0,0,0,0,0.0331805,0.00606681,0.00314298,0.00819859,0.0076768,0.016944,0.0132284,0.00175417,0.0010666,0.0101509,0,0,0,0,
163,1.0472,-1.39143e-05,-1.1614e-06,-84.9303,0.00012301,7.84188e-06,-0.999783,0.0208222,2.48961e-06,0,0,0,0,0,0,0,0,0,0,0,0,0,0,0,0,0,0,0,0,0,0,0,0,0,0,0,0,0,0,0,0,0,0,0,0,0.000506019,0.0151414,0.0060786,0.0195692,0.00369524,0.000398876,0.0231648,0.0379983,0.0452805,0.0615027,0,0,0,
164,1.02974,-1.39143e-05,-1.1614e-06,-84.9303,0.00012301,7.84188e-06,-0.999783,0.0208222,2.57927e-06,0,0,0,0,0,0,0,0,0,0,0,0,0,0,0,0,0,0,0,0,0,0,0,0,0,0,0,0,0,0,0,0,0,0,0,0,0,0.00261616,0.004572,0.0104675,0.0129849,0.00408855,0.00430741,0.0229372,0.0304251,0.00957524,0,0,0,
165,1.01229,-1.39143e-05,-1.1614e-06,-84.9303,0.00012301,7.84188e-06,-0.999783,0.0208222,2.08827e-06,0,0,0,0,0,0,0,0,0,0,0,0,0,0,0,0,0,0,0,0,0,0,0,0,0,0,0,0,0,0,0,0,0,0,0,0,0,0.0299966,0.0120657,0.00596232,0.00393773,0.0229227,0.0363559,0.0161788,0.0200989,0.0289105,0.00502693,0,0,
166,0.994838,-1.39143e-05,-1.1614e-06,-84.9303,0.00012301,7.84188e-06,-0.999783,0.0208222,2.66486e-06,0,0,0,0,0,0,0,0,0,0,0,0,0,0,0,0,0,0,0,0,0,0,0,0,0,0,0,0,0,0,0,0,0,0,0,0,0,0.00232447,0.0115372,0.0202608,0.01414,0.0105667,0.0199333,0.0104063,0.0182254,0.0547457,0.078243,0,0,
167,0.977384,-1.39143e-05,-1.1614e-06,-84.9303,0.00012301,7.84188e-06,-0.999783,0.0208222,3.03648e-06,0,0,0,0,0,0,0,0,0,0,0,0,0,0,0,0,0,0,0,0,0,0,0,0,0,0,0,0,0,0,0,0,0,0,0,0,0,0.00397889,0.0130009,0.0140693,0.00781704,0.0326111,0.00317992,0.0496425,0.029534,0.10154,0.0234026,0.0465536,0,
168,0.959931,-1.39143e-05,-1.1614e-06,-84.9303,0.00012301,7.84188e-06,-0.999783,0.0208222,8.90316e-07,0,0,0,0,0,0,0,0,0,0,0,0,0,0,0,0,0,0,0,0,0,0,0,0,0,-0,0,0,0,0,0,0,0,0,0,0,0,0.0361756,0.0264387,0.00771781,0.0207866,0.00738528,0.0148761,0.01272,0.0255208,0.0343261,0.0493758,0.0311847,0,
169,0.942478,-1.39143e-05,-1.1614e-06,-84.9303,0.00012301,7.84188e-06,-0.999783,0.0208222,3.53048e-06,0,0,0,0,0,0,0,0,0,0,0,0,0,0,0,0,0,0,0,0,0,0,0,0,0,0,0,0,0,0,0,0,0,0,0,0,0,0.0265619,0.0347878,0.0115948,0.0181271,0.00647955,0.0160679,0.01378,0.0213198,0.0232221,0.0102956,0.0505241,0,
170,0.925025,-1.39143e-05,-1.1614e-06,-84.9303,0.00012301,7.84188e-06,-0.999783,0.0208222,3.63525e-06,0,0,0,0,0,0,0,0,0,0,0,-0,0,0,0,0,0,0,0,0,0,0,0,0,0,0,0,0,0,0,0,0,0,0,0,0,0,0.00215727,0.0336512,0.0112553,0.0335075,0.0155181,0.00704195,0.0368392,0.0135563,0.0268336,0.0328755,0.014802,0,
171,0.907571,-1.39143e-05,-1.1614e-06,-84.9303,0.00012301,7.84188e-06,-0.999783,0.0208222,4.06268e-06,0,0,0,0,-0,0,0,0,0,0,0,0,0,0,0,0,0,0,0,0,0,0,0,0,0,0,0,0,0,0,0,0,0,0,0,0,0,0.0140812,0.0179605,0.0207098,0.0359278,0.0423038,0.0172487,0.0262578,0.0312427,0.0111574,0.0184824,0.0170629,0,
172,0.890118,-1.39143e-05,-1.1614e-06,-84.9303,0.00012301,7.84188e-06,-0.999783,0.0208222,2.23429e-06,0,0,0,0,0,0,0,0,0,0,0,0,0,0,0,0,0,0,0,0,0,0,0,-0,0,0,0,0,0,0,0,0,0,0,0,0,0,0.0168522,0.0339936,0.0337161,0.0298941,0.0235963,0.0178222,0.0346065,0.0252301,0.0260628,0.038417,0.0319568,0,
173,0.872665,-1.39143e-05,-1.1614e-06,-84.9303,0.00012301,7.84188e-06,-0.999783,0.0208222,8.82436e-07,0,0,0,0,0,0,0,0,0,0,0,0,0,0,0,0,0,0,0,0,0,0,0,0,0,0,0,0,0,0,0,0,0,0,0,0,0,0.00222574,0.010967,0.0117746,0.0528289,0.0831677,0.0348922,0.0252678,0.0166552,0.0129717,0.00506347,0.0114324,0,
174,0.855211,-1.39143e-05,-1.1614e-06,-84.9303,0.00012301,7.84188e-06,-0.999783,0.0208222,2.52506e-06,0,0,0,0,0,0,0,0,0,0,0,0,0,0,0,0,0,0,0,0,0,0,0,0,0,0,0,0,0,0,0,0,0,0,0,0,0,0.0389376,0.0250109,0.0852172,0.0427626,0.0202768,0.051235,0.0527039,0.0419197,0.0282491,0.0387116,0.0121657,0,
175,0.837758,-1.39143e-05,-1.1614e-06,-84.9303,0.00012301,7.84188e-06,-0.999783,0.0208222,3.83599e-06,0,0,0,0,0,0,0,0,0,0,0,0,0,0,0,0,0,0,0,0,0,0,0,0,0,0,0,0,0,0,0,0,0,0,0,0,0,0.00678534,0.0502331,0.0128881,0.0209649,0.0110355,0.0307085,0.0546355,0.0213831,0.0398438,0.0249354,0.0203492,0,
176,0.820305,-1.39143e-05,-1.1614e-06,-84.9303,0.00012301,7.84188e-06,-0.999783,0.0208222,2.96307e-06,0,0,0,0,0,0,0,0,0,0,0,0,0,0,0,0,0,0,0,0,0,0,0,0,0,0,0,0,0,0,0,0,0,0,0,0,0,0.0137264,0.0189286,0.0440361,0.0130414,0.0237294,0.0228145,0.0556616,0.0431511,0.0619404,0.0288097,0.0241574,0,
177,0.802851,-1.39143e-05,-1.1614e-06,-84.9303,0.00012301,7.84188e-06,-0.999783,0.0208222,2.98599e-06,0,0,0,0,0,0,0,0,0,0,0,0,0,0,0,0,0,0,0,0,0,0,0,0,0,0,0,0,0,0,0,0,0,0,0,0,0,0.0257103,0.0331036,0.0299704,0.0271263,0.0238983,0.0336393,0.0413242,0.0290965,0.040034,0.0599219,0.0547745,0,
178,0.785398,-1.39143e-05,-1.1614e-06,-84.9303,0.00012301,7.84188e-06,-0.999783,0.0208222,2.5439e-06,0,0,0,0,0,0,0,0,0,0,0,0,0,0,0,0,0,0,0,0,0,0,0,0,0,0,0,0,0,0,0,0,0,0,0,0,0,0.0341929,0.0174775,0.0307086,0.0243827,0.0434146,0.0432614,0.0409992,0.0385294,0.0985111,0.0188039,0.00349842,0,
179,0.767945,-1.39143e-05,-1.1614e-06,-84.9303,0.00012301,7.84188e-06,-0.999783,0.0208222,2.08521e-06,0,0,0,0,0,0,0,0,0,0,0,0,0,0,0,0,0,0,0,0,0,0,0,0,0,0,0,0,0,0,0,0,0,0,0,0,0,0.0177548,0.0366726,0.0214047,0.00867754,0.0262621,0.0711735,0.0055774,0.0107935,0.0273851,0.0217156,0.0318122,0,
180,0.750492,-1.39143e-05,-1.1614e-06,-84.9303,0.00012301,7.84188e-06,-0.999783,0.0208222,1.8214e-06,0,0,0,0,0,0,0,0,0,0,0,0,0,0,0,0,0,0,0,0,0,0,0,0,0,0,0,0,0,0,0,0,0,0,0,0,0,0.0162583,0.0162562,0.0293113,0.0196802,0.0417241,0.00720929,0.0227533,0.0421075,0.0166173,0.0169566,0.0127126,0,
181,0.733038,-1.39143e-05,-1.1614e-06,-84.9303,0.00012301,7.84188e-06,-0.999783,0.0208222,1.94344e-06,0,0,0,0,0,0,0,0,0,0,0,0,0,0,0,0,0,0,0,0,0,0,0,0,0,0,0,0,0,0,0,0,0,0,0,0,0,0.0312089,0.0266995,0.0575419,0.0184768,0.0183536,0.0828813,0.109112,0.0422916,0.0180573,0.0710089,0.0341937,0,
182,0.715585,-1.39143e-05,-1.1614e-06,-84.9303,0.00012301,7.84188e-06,-0.999783,0.0208222,3.87778e-06,0,0,0,0,0,0,0,0,0,0,0,0,0,0,0,0,0,0,0,0,0,0,0,0,0,0,0,0,0,0,0,0,0,0,0,0,0,0.0169942,0.0162791,0.0162974,0.0603758,0.047137,0.0783139,0.0837251,0.042293,0.0378632,0.0228408,0.0508517,0,
183,0.698132,-1.39143e-05,-1.1614e-06,-84.9303,0.00012301,7.84188e-06,-0.999783,0.0208222,1.28966e-06,0,0,0,0,0,0,0,0,0,0,0,0,0,0,0,0,0,0,0,0,0,0,0,0,0,0,0,0,0,0,0,0,0,0,0,0,0,0.0279235,0.0375566,0.0244264,0.0124614,0.0288399,0.0241373,0.0592523,0.0295869,0.0429953,0.0366737,0.0149718,0,
184,0.680678,-1.39143e-05,-1.1614e-06,-84.9303,0.00012301,7.84188e-06,-0.999783,0.0208222,3.07751e-06,0,0,0,0,0,0,0,0,0,0,0,0,0,0,0,0,0,0,0,0,0,0,0,0,0,0,0,0,0,0,0,0,0,0,0,0,0,0.0096451,0.0793194,0.0433742,0.0363564,0.0602404,0.0331227,0.0456506,0.0218569,0.046523,0.0401842,0.0405162,0,
185,0.663225,-1.39143e-05,-1.1614e-06,-84.9303,0.00012301,7.84188e-06,-0.999783,0.0208222,2.45895e-06,0,0,0,0,0,0,0,0,0,0,0,0,0,0,0,0,0,0,0,0,0,0,0,0,0,0,0,0,0,0,0,0,0,0,0,0,0,0.0262759,0.0227461,0.0137299,0.0303717,0.0489016,0.0731802,0.0662849,0.0342589,0.0202809,0.0525642,0.037799,0,
186,0.645772,-1.39143e-05,-1.1614e-06,-84.9303,0.00012301,7.84188e-06,-0.999783,0.0208222,1.8288e-06,0,0,0,0,0,0,0,0,0,0,0,0,0,0,0,0,0,0,0,0,0,0,0,0,0,0,0,0,0,0,0,0,0,0,0,0,0,0.0225929,0.0384109,0.0167161,0.0884049,0.0674027,0.073658,0.0589068,0.0428548,0.0231505,0.0254138,0.0764401,0,
187,0.628319,-1.39143e-05,-1.1614e-06,-84.9303,0.00012301,7.84188e-06,-0.999783,0.0208222,3.80196e-06,0,0,0,0,0,0,0,0,0,0,0,0,0,0,0,0,0,0,0,0,0,0,0,0,0,0,0,0,0,0,0,0,0,0,0,0,0,0.0126038,0.0727087,0.0277038,0.0569222,0.0563454,0.0451606,0.0384871,0.024278,0.0399044,0.112992,0.0512235,0,
188,0.610865,-1.39143e-05,-1.1614e-06,-84.9303,0.00012301,7.84188e-06,-0.999783,0.0208222,2.49631e-06,0,0,0,0,0,0,0,0,0,0,0,0,0,0,0,0,0,0,0,0,0,0,0,0,0,0,0,0,0,0,0,0,0,0,0,0,0,0.00874908,0.0456362,0.024375,0.028277,0.0293474,0.0638193,0.0533279,0.0690861,0.0424385,0.0437463,0.0249905,0,
189,0.593412,-1.39143e-05,-1.1614e-06,-84.9303,0.00012301,7.84188e-06,-0.999783,0.0208222,3.13477e-06,0,0,0,0,0,0,0,0,0,0,0,0,0,0,0,0,0,0,0,0,0,0,0,0,0,0,0,0,0,0,0,0,0,0,0,0,0,0.0132919,0.0238374,0.0416405,0.0613492,0.0223882,0.0449997,0.00666153,0.0610238,0.0819035,0.0141971,0.0148385,0,
190,0.575959,-1.39143e-05,-1.1614e-06,-84.9303,0.00012301,7.84188e-06,-0.999783,0.0208222,3.44471e-06,0,0,0,0,0,0,0,0,0,0,0,0,0,0,0,0,0,0,0,0,0,0,0,0,0,0,0,0,0,0,0,0,0,0,0,0,0,0.0315833,0.0311453,0.0195698,0.015184,0.0230845,0.0144875,0.0171222,0.0515128,0.00446723,0.0147838,0.0311891,0,
191,0.558505,-1.39143e-05,-1.1614e-06,-84.9303,0.00012301,7.84188e-06,-0.999783,0.0208222,2.68261e-06,0,0,0,0,0,0,0,0,0,0,0,0,0,0,0,0,0,0,0,0,0,0,0,0,0,0,0,0,0,0,0,0,0,0,0,0,0,0.0151483,0.0253707,0.0143605,0.0119347,0.0586772,0.00924122,0.0540834,0.0384067,0.0264607,0.0306875,0.0349313,0,
192,0.541052,-1.39143e-05,-1.1614e-06,-84.9303,0.00012301,7.84188e-06,-0.999783,0.0208222,1.69743e-06,0,0,0,0,0,0,0,0,0,0,0,0,0,0,0,0,0,0,0,0,0,0,0,0,0,0,0,0,0,0,0,0,0,0,0,0,0,0.0494227,0,0.013396,0.0308525,0.0393482,0.042952,0.0278297,0.0966557,0.0699759,0.0357293,0.0785259,0,
193,0.523599,-1.39143e-05,-1.1614e-06,-84.9303,0.00012301,7.84188e-06,-0.999783,0.0208222,2.10934e-06,0,0,0,0,0,0,0,0,0,0,0,0,0,0,0,0,0,0,0,0,0,0,0,0,0,0,0,0,0,0,0,0,0,0,0,0,0,0.0518473,0.016372,0.0219544,0.00769226,0.0113214,0.0245229,0.0612603,0.0622399,0.0949053,0.101718,0.0670947,0,
194,0.506145,-1.39143e-05,-1.1614e-06,-84.9303,0.00012301,7.84188e-06,-0.999783,0.0208222,1.82298e-06,0,0,0,0,0,0,0,0,0,0,0,0,0,0,0,0,0,0,0,0,0,0,0,0,0,0,0,0,0,0,0,0,0,0,0,0,0,0.031334,0.018315,0.0188499,0.0434152,0.0535164,0.0431124,0.0323555,0.092583,0.0284034,0.00380896,0.061295,0,
195,0.488692,-1.39143e-05,-1.1614e-06,-84.9303,0.00012301,7.84188e-06,-0.999783,0.0208222,4.30028e-06,0,0,0,0,0,0,0,0,0,0,0,0,0,0,0,0,0,0,0,0,0,0,0,0,0,0,0,0,0,0,0,0,0,0,0,0,0,0.0559453,0.0259354,0.0198253,0.0201487,0.0223279,0.00684908,0.0113325,0.0457095,0.0108069,0.0959622,0.0438945,0,
196,0.471239,-1.39143e-05,-1.1614e-06,-84.9303,0.00012301,7.84188e-06,-0.999783,0.0208222,3.74115e-06,0,0,0,0,0,0,0,0,0,0,0,0,0,0,0,0,0,0,0,0,0,0,0,0,0,0,0,0,0,0,0,0,0,0,0,0,0,0.0384697,0.0306938,0.0753698,0.0303908,0.0161341,0.0211843,0.0671114,0.0221914,0.0275522,0.0189005,0.0590278,0,
197,0.453786,-1.39143e-05,-1.1614e-06,-84.9303,0.00012301,7.84188e-06,-0.999783,0.0208222,2.62539e-06,0,0,0,0,0,0,0,0,0,0,0,0,0,0,0,0,0,0,0,0,0,0,0,0,0,0,0,0,0,0,0,0,0,0,0,0,0,0.0289644,0.0790647,0.0439827,0.0321104,0.00723454,0.00821214,0.0209931,0.0455328,0.0174426,0.0504063,0.0851692,0,
198,0.436332,-1.39143e-05,-1.1614e-06,-84.9303,0.00012301,7.84188e-06,-0.999783,0.0208222,2.06034e-06,0,0,0,0,0,0,0,0,0,0,0,0,0,0,0,0,0,0,0,0,0,0,0,0,0,0,0,0,0,0,0,0,0,0,0,0,0,0.0244692,0.130993,0.0234616,0.0127421,0.00844172,0.0144205,0.0228189,0.0085886,0.0217924,0.0316885,0.0611097,0,
199,0.418879,-1.39143e-05,-1.1614e-06,-84.9303,0.00012301,7.84188e-06,-0.999783,0.0208222,4.06981e-06,0,0,0,0,0,0,0,0,0,0,0,0,0,0,0,0,0,0,0,0,0,0,0,0,0,0,0,0,0,0,0,0,0,0,0,0,0,0.044379,0.0384403,0.100974,0.0378942,0.018198,0.0193147,0.0131651,0.00165156,0.0215281,0.0275421,0.0514349,0,
200,0.401426,-1.39143e-05,-1.1614e-06,-84.9303,0.00012301,7.84188e-06,-0.999783,0.0208222,1.98506e-06,0,0,0,0,0,0,0,0,0,0,0,0,0,0,0,0,0,0,0,0,0,0,0,0,0,0,0,0,0,0,0,0,0,0,0,0,0,0.0542549,0.0774933,0.0308958,0.0216179,0.0395348,0.0138419,0.0121173,0.0852993,0.052545,0.0303141,0.0194854,0,
201,0.383972,-1.39143e-05,-1.1614e-06,-84.9303,0.00012301,7.84188e-06,-0.999783,0.0208222,2.25025e-06,0,0,0,0,0,0,0,0,0,0,0,0,0,0,0,0,0,0,0,0,0,0,0,0,0,0,0,0,0,0,0,0,0,0,0,0,0,0.0346882,0.077477,0.0514578,0.0418653,0.0471805,0.0390085,0.00700339,0.0221611,0.0142506,0.0236848,0.0313957,0,
202,0.366519,-1.39143e-05,-1.1614e-06,-84.9303,0.00012301,7.84188e-06,-0.999783,0.0208222,2.93331e-06,0,0,0,0,0,0,0,0,0,0,0,0,0,0,0,0,0,0,0,0,0,0,0,0,0,0,0,0,0,0,0,0,0,0,0,0,0,0.0243447,0.0707018,0.0289925,0.0152806,0.023133,0.0391348,0.0124654,0.057451,0.0272179,0.0205593,0.0248961,0,
203,0.349066,-1.39143e-05,-1.1614e-06,-84.9303,0.00012301,7.84188e-06,-0.999783,0.0208222,3.36577e-06,0,0,0,0,0,0,0,0,0,0,0,0,0,0,0,0,0,0,0,0,0,0,0,0,0,0,0,0,0,0,0,0,0,0,0,0,0,0.0473673,0.0231308,0.0239612,0.053226,0.0811133,0.0494082,0.0339782,0.035216,0.0204631,0.0471849,0.0570041,0,
204,0.331613,-1.39143e-05,-1.1614e-06,-84.9303,0.00012301,7.84188e-06,-0.999783,0.0208222,3.12892e-06,0,0,0,0,0,0,0,0,0,0,0,0,-0,0,0,0,0,0,0,0,0,0,0,0,0,0,0,0,0,0,0,0,0,0,0,0,0,0.00961468,0.0502781,0.0401907,0.016744,0.0555259,0.0367606,0.0776473,0.0357004,0.0710639,0.0675786,0.00496936,0,
205,0.314159,-1.39143e-05,-1.1614e-06,-84.9303,0.00012301,7.84188e-06,-0.999783,0.0208222,7.38254e-07,0,0,0,0,0,0,0,0,0,0,0,0,0,0,0,0,0,0,0,0,0,0,0,0,0,0,0,0,0,0,0,0,0,0,0,0,0,0.0471169,0.0355882,0.016879,0.00794877,0.0755114,0.0315063,0.03602,0.0304783,0.0350569,0.0340084,0.0507318,0,
206,0.296706,-1.39143e-05,-1.1614e-06,-84.9303,0.00012301,7.84188e-06,-0.999783,0.0208222,1.66044e-06,0,0,-0,0,0,0,0,0,0,0,0,0,0,0,0,0,0,0,0,0,0,0,0,0,0,0,0,0,0,0,0,0,0,0,0,0,0,0.0315618,0.00801383,0.0225934,0.0540676,0.061381,0.101949,0.0331567,0.0338586,0.0550407,0.0622592,0.0289457,0,
207,0.279253,-1.39143e-05,-1.1614e-06,-84.9303,0.00012301,7.84188e-06,-0.999783,0.0208222,2.96658e-06,0,0,0,0,0,0,0,0,0,0,0,0,0,0,0,0,0,0,0,0,0,0,0,0,0,0,0,0,0,0,0,0,0,-0,0,0,0,0.0132991,0.0688583,0.0581087,0.0152921,0.0437244,0.0528792,0.0557729,0.0143301,0.0243884,0.0397119,0.0200458,0,
208,0.261799,-1.39143e-05,-1.1614e-06,-84.9303,0.00012301,7.84188e-06,-0.999783,0.0208222,3.09909e-06,0,0,0,0,0,0,0,0,0,0,0,0,0,0,0,0,0,0,0,0,0,0,0,0,0,0,0,0,0,0,0,0,0,0,0,0,0,0.0176133,0.0392096,0.069822,0.0535984,0.0203405,0.0281856,0.0500859,0.0369411,0.014799,0.0308081,0.0215983,0,
209,0.244346,-1.39143e-05,-1.1614e-06,-84.9303,0.00012301,7.84188e-06,-0.999783,0.0208222,2.98899e-06,0,0,0,0,0,0,0,0,0,0,0,0,0,0,0,0,0,0,0,0,0,0,0,0,0,0,0,0,0,0,0,0,0,0,0,0,0,0.0202358,0.0249765,0.0195518,0.0720182,0.0295329,0.0194671,0.0575012,0.00724848,0.0601884,0.0246394,0.0511444,0,
210,0.226893,-1.39143e-05,-1.1614e-06,-84.9303,0.00012301,7.84188e-06,-0.999783,0.0208222,4.51089e-06,0,0,0,0,0,0,0,0,0,0,0,0,0,0,0,0,0,0,0,0,0,0,0,0,0,0,0,0,0,0,0,0,0,0,0,0,0,0.0838953,0.0376319,0.0393126,0.0423476,0.065924,0.0164669,0.024476,0.0373119,0.0291346,0.0163677,0.0528408,0,
211,0.20944,-1.39143e-05,-1.1614e-06,-84.9303,0.00012301,7.84188e-06,-0.999783,0.0208222,2.22533e-06,0,0,0,0,0,0,0,0,0,0,0,0,0,0,0,0,0,0,0,0,0,0,0,0,0,0,0,0,0,0,0,0,0,0,0,0,0,0.0433496,0.0199157,0.0154791,0.0342235,0.00821763,0.0361445,0.0328423,0.00555816,0.021959,0.040884,0.0345263,0,
212,0.191986,-1.39143e-05,-1.1614e-06,-84.9303,0.00012301,7.84188e-06,-0.999783,0.0208222,2.69832e-06,0,0,0,0,0,0,0,0,0,0,0,0,0,0,0,0,0,0,0,0,0,0,0,0,0,0,0,0,0,0,0,0,0,0,0,0,0,0.0416607,0.0345423,0.0161106,0.0208492,0.0364355,0.0300072,0.0773727,0.0294735,0.0188279,0.0343737,0.0151197,0,
213,0.174533,-1.39143e-05,-1.1614e-06,-84.9303,0.00012301,7.84188e-06,-0.999783,0.0208222,1.92468e-06,0,0,0,0,0,0,0,0,0,0,0,0,0,0,0,0,0,0,0,0,0,0,0,0,0,0,0,0,0,0,0,0,0,0,0,0,0,0.0027855,0.0694393,0.0290768,0.0167431,0.033274,0.0224777,0.0167623,0.0270275,0.0312338,0.0248768,0.0235407,0,
214,0.15708,-1.39143e-05,-1.1614e-06,-84.9303,0.00012301,7.84188e-06,-0.999783,0.0208222,2.8998e-06,0,0,0,0,0,0,0,0,0,0,0,0,0,0,0,0,0,0,0,0,0,0,0,0,0,0,0,0,0,0,0,0,0,0,0,0,0,0.013477,0,0.0117321,0.0180458,0.0177057,0.0240889,0.0549574,0.0225714,0.0278095,0.0953359,0.0218574,0,
215,0.139626,-1.39143e-05,-1.1614e-06,-84.9303,0.00012301,7.84188e-06,-0.999783,0.0208222,2.3848e-06,0,0,0,0,0,0,0,0,0,0,0,0,0,0,0,0,0,0,0,0,0,0,0,0,0,0,0,0,0,0,0,0,0,0,0,0,0,0.0370666,0.0567833,0.0577025,0.021414,0.0672495,0.0315192,0.0470621,0.0163309,0.0388199,0.0446047,0.0332701,0,
216,0.122173,-1.39143e-05,-1.1614e-06,-84.9303,0.00012301,7.84188e-06,-0.999783,0.0208222,2.75935e-06,0,0,0,0,0,0,0,0,0,0,0,0,0,0,0,0,0,0,0,0,0,0,0,0,0,0,0,0,0,0,0,0,0,0,0,0,0,0.0173918,0.04583,0.0260816,0.0348544,0.070497,0.0426815,0.00796533,0.0162376,0.0362646,0.0280001,0.00846946,0,
217,0.10472,-1.39143e-05,-1.1614e-06,-84.9303,0.00012301,7.84188e-06,-0.999783,0.0208222,3.73316e-06,0,0,0,0,0,0,0,0,0,0,0,0,0,0,0,0,0,0,0,0,0,0,0,0,0,0,0,0,0,0,0,0,0,0,0,0,0,0.0304668,0.0311805,0.0255757,0.0297007,0.0280079,0.0122311,0.019295,0.0466869,0.0307932,0.0134086,0.00171974,0,
218,0.0872665,-1.39143e-05,-1.1614e-06,-84.9303,0.00012301,7.84188e-06,-0.999783,0.0208222,3.9006e-06,0,0,0,0,0,0,0,0,0,0,-0,0,0,0,0,0,0,0,0,0,0,0,0,0,0,0,0,0,0,0,0,0,0,0,0,0,0,0.00991627,0.0341848,0.0334083,0.027123,0.0409852,0.0488388,0.0367585,0.0335998,0.0245182,0.0210936,0.00990215,0,
219,0.0698132,-1.39143e-05,-1.1614e-06,-84.9303,0.00012301,7.84188e-06,-0.999783,0.0208222,8.4153e-07,0,0,0,0,0,0,0,0,0,0,0,0,0,0,0,0,0,0,0,0,0,0,0,0,0,0,0,0,0,0,0,0,0,0,0,0,0,0.010777,0.0411242,0.0221923,0.0230802,0.0758497,0.058266,0.00798897,0.0360199,0.0129011,0.00726509,0.00640675,0,
220,0.0523599,-1.39143e-05,-1.1614e-06,-84.9303,0.00012301,7.84188e-06,-0.999783,0.0208222,3.97157e-06,0,0,0,0,0,0,0,0,0,0,0,0,0,0,0,0,-0,0,0,0,0,0,0,0,0,0,0,0,0,0,0,0,0,0,0,0,0,0.0224694,0.0255325,0.0120985,0.0144371,0.0167934,0.00667477,0.00544804,0.00617822,0,0,0.026509,0,
221,0.0349066,-1.39143e-05,-1.1614e-06,-84.9303,0.00012301,7.84188e-06,-0.999783,0.0208222,1.2665e-06,0,0,0,0,0,0,0,0,0,0,0,0,0,0,0,0,0,0,0,0,0,0,0,0,0,0,0,0,0,0,-0,0,0,0,0,0,0,0.026706,0.0292387,0.0339978,0.0074879,0.0384614,0.0256657,0.00494704,0.00200718,0,0,0,0,
222,0.0174533,-1.39143e-05,-1.1614e-06,-84.9303,0.00012301,7.84188e-06,-0.999783,0.0208222,2.78249e-06,0,0,0,0,0,0,0,0,0,0,0,0,0,0,0,0,0,0,0,0,0,0,0,0,0,0,0,0,0,0,0,0,0,0,0,0,0,0.0389113,0.0377386,0.043683,0.0119794,0.0301512,0.0396891,0.0315226,0.00201192,0,0,0,0,
223,1.29757e-15,-1.39143e-05,-1.1614e-06,-84.9303,0.00012301,7.84188e-06,-0.999783,0.0208222,2.99057e-06,0,0,0,0,0,0,0,0,0,0,0,0,0,0,0,0,0,0,0,0,0,0,0,0,0,0,0,0,0,0,0,0,0,0,0,0,0,0.025939,0.00333952,0.0525775,0.0346345,0.0233124,0.0193098,0.00755024,0.0276727,0,0,0,0,
224,-0.0174533,-1.39143e-05,-1.1614e-06,-84.9303,0.00012301,7.84188e-06,-0.999783,0.0208222,1.51415e-06,0,0,0,0,0,0,0,0,0,0,0,0,0,0,0,0,0,-0,0,0,0,0,0,0,0,0,0,0,0,0,0,0,0,0,0,0,0,0.0198801,0.0494514,0.0369158,0.0167536,0.0130298,0.0127885,0.0124517,0.0218511,0,0,0,0,
225,-0.0349066,-1.39143e-05,-1.1614e-06,-84.9303,0.00012301,7.84188e-06,-0.999783,0.0208222,1.2109e-06,0,0,0,0,0,0,0,0,0,0,0,0,0,0,0,0,0,0,0,0,0,0,0,0,0,0,0,0,0,0,0,0,0,0,0,0,0,0.0324209,0.0255595,0.0217533,0.0120731,0.00725195,0.0244705,0.0272179,0.00908409,0,0,0,0,
226,-0.0523599,-1.39143e-05,-1.1614e-06,-84.9303,0.00012301,7.84188e-06,-0.999783,0.0208222,3.20464e-06,0,0,0,0,0,0,0,0,0,0,0,0,0,0,0,0,0,0,0,0,0,0,0,0,0,0,0,0,0,0,0,0,0,0,0,0,0,0.0444115,0.0366895,0.0292665,0.0385304,0.0161489,0.0187184,0.0348197,0.0251768,0,0.0688247,0.0411555,0,
227,-0.0698132,-1.39143e-05,-1.1614e-06,-84.9303,0.00012301,7.84188e-06,-0.999783,0.0208222,1.73146e-06,0,0,0,0,0,0,0,0,0,0,0,0,0,0,0,0,0,0,0,0,0,0,0,0,0,0,0,0,0,0,0,0,0,0,0,0,0,0.0243909,0.00491143,0.0271577,0.0820089,0.0406605,0.0155759,0.0341525,0.0250265,0.0227115,0.0160624,0.0493067,0,
228,-0.0872665,-1.39143e-05,-1.1614e-06,-84.9303,0.00012301,7.84188e-06,-0.999783,0.0208222,1.31813e-06,0,0,0,0,0,0,0,0,0,0,0,0,0,0,0,0,0,0,0,0,0,0,0,0,0,0,0,0,0,0,0,0,0,0,0,0,0,0.0264212,0.0104756,0.0317111,0.0225192,0.0439175,0.0368534,0.0563158,0.0397892,0.0297666,0.00641395,0.0577623,0,
229,-0.10472,-1.39143e-05,-1.1614e-06,-84.9303,0.00012301,7.84188e-06,-0.999783,0.0208222,2.96075e-06,0,0,0,0,0,0,0,0,0,0,0,0,0,0,0,0,0,0,0,0,0,0,0,0,0,0,0,0,0,0,0,0,0,0,0,0,0.0249823,0.00975752,0.00564585,0.0213504,0.00458788,0.0259306,0.0444986,0.0189814,0.0231575,0.0144028,0.0517699,0.0498868,0,
230,-0.122173,-1.39143e-05,-1.1614e-06,-84.9303,0.00012301,7.84188e-06,-0.999783,0.0208222,2.49442e-06,0,0,0,0,0,0,0,0,0,0,0,0,0,0,0,0,0,0,0,0,0,0,0,0,0,0,0,0,0,0,0,0,0,0,0,0,0.0728302,0.0521499,0.0231694,0.0368941,0.0228349,0.0285199,0.0085618,0.0562652,0.0531981,0.0523741,0.0576354,0.0657814,0,
231,-0.139626,-1.39143e-05,-1.1614e-06,-84.9303,0.00012301,7.84188e-06,-0.999783,0.0208222,1.0175e-06,0,0,0,0,0,0,0,0,0,0,0,0,0,0,0,0,0,0,0,0,0,0,0,0,0,0,0,0,0,0,0,0,0,0,0,0,0.0869229,0.00878038,0.0349072,0.024483,0.0459248,0,0.00527436,0.0357273,0.0484544,0.022626,0.0493152,0.0141432,0,
232,-0.15708,-1.39143e-05,-1.1614e-06,-84.9303,0.00012301,7.84188e-06,-0.999783,0.0208222,2.20472e-06,0,0,0,0,0,0,0,0,0,0,0,0,0,0,0,0,0,0,0,0,0,0,0,0,0,0,0,0,0,0,0,0,0,0,0,0,0.0444165,0.0765024,0.041077,0.0382142,0.0593976,0,0,0,0.040746,0.0451075,0.0205309,0.0646436,0,
233,-0.174533,-1.39143e-05,-1.1614e-06,-84.9303,0.00012301,7.84188e-06,-0.999783,0.0208222,1.50644e-06,0,0,0,0,0,0,0,0,0,0,0,0,0,0,0,0,0,0,0,0,0,0,0,0,0,0,0,0,0,0,0,0,0,0,0,0,0.0305568,0.0142265,0.0370207,0.0453229,0.014537,0,0,0,0.0368632,0.0571643,0.0113749,0.0184629,0,
234,-0.191986,-1.39143e-05,-1.1614e-06,-84.9303,0.00012301,7.84188e-06,-0.999783,0.0208222,3.60023e-06,0,0,-0,0,0,0,0,0,0,0,0,0,0,0,0,0,0,0,-0,0,0,0,0,0,0,0,0,0,0,0,0,0,0,0,0,0,0.00473418,0.022725,0.0181319,0.0262932,0.00838299,0,0,0,0,0.0319812,0.0355182,0.024288,0,
235,-0.20944,-1.39143e-05,-1.1614e-06,-84.9303,0.00012301,7.84188e-06,-0.999783,0.0208222,3.11266e-06,0,0,0,0,0,0,0,0,0,0,0,0,0,0,0,0,0,0,0,0,0,0,0,0,0,0,0,0,0,0,0,0,0,0,0,0,0.0110485,0.0343443,0.0842831,0.0564242,0.0100228,0,0,0,0,0.00353713,0.023063,0.0177152,0,
236,-0.226893,-1.39143e-05,-1.1614e-06,-84.9303,0.00012301,7.84188e-06,-0.999783,0.0208222,3.26126e-06,0,0,0,0,0,0,0,0,0,0,0,0,0,0,0,0,0,0,0,0,0,0,0,0,0,0,0,0,0,0,0,0,0,0,0,0,0.0122908,0.0160266,0.100596,0.0674589,0.0600265,0.00613765,0,0,0.0246466,0.0129225,0.0427641,0.0197814,0,
237,-0.244346,-1.39143e-05,-1.1614e-06,-84.9303,0.00012301,7.84188e-06,-0.999783,0.0208222,1.85873e-06,0,0,0,0,0,0,0,0,0,0,0,0,0,0,0,0,0,0,0,0,0,0,0,0,0,0,0,0,0,0,0,0,0,0,0,0,0.0145259,0.0375292,0.00832034,0.0630862,0.0424218,0.0148044,0,0.0435212,0.00996875,0.0132382,0.0114373,0.0609836,0,
238,-0.261799,-1.39143e-05,-1.1614e-06,-84.9303,0.00012301,7.84188e-06,-0.999783,0.0208222,2.25486e-06,0,0,0,0,0,0,0,0,0,0,0,0,0,0,0,0,0,0,0,0,0,0,0,0,0,0,0,0,0,0,0,0,0,0,0,0,0.0904035,0.0373364,0.0172503,0.0392553,0.0199308,0.0260874,0.0859953,0.02105,0.0196324,0.00503243,0.0250018,0.00709212,0,
239,-0.279253,-1.39143e-05,-1.1614e-06,-84.9303,0.00012301,7.84188e-06,-0.999783,0.0208222,1.09854e-06,0,0,-0,0,0,0,0,0,0,0,0,0,0,0,0,0,0,0,0,0,0,0,0,0,0,0,0,0,0,0,0,0,0,0,0,0.0362885,0.0288323,0.0443011,0.022226,0.0358918,0.02812,0.0781992,0.0823606,0.0397948,0.00400686,0.00399182,0.0222725,0.00906993,0,
240,-0.296706,-1.39143e-05,-1.1614e-06,-84.9303,0.00012301,7.84188e-06,-0.999783,0.0208222,2.74814e-07,0,0,0,0,0,0,0,0,0,0,0,0,0,0,0,0,0,0,0,0,0,0,0,0,0,0,0,0,0,0,0,0,0,0,0,0.0449362,0.0552006,0.0292062,0.0923654,0.0628115,0.0583277,0.0749236,0.066401,0.0246887,0.00539091,0.011374,0.00929446,0.00983684,0,
241,-0.314159,-1.39143e-05,-1.1614e-06,-84.9303,0.00012301,7.84188e-06,-0.999783,0.0208222,1.82184e-06,0,0,0,0,0,0,0,0,0,0,0,0,0,0,0,0,0,0,0,0,0,0,0,0,0,0,0,0,0,0,0,0,0,0,0,0.0403738,0.0212705,0.0060442,0.0196194,0.112282,0.0669526,0.0660793,0.0477675,0.0209258,0.0139223,0.0257907,0.0159055,0.00603521,0,
242,-0.331613,-1.39143e-05,-1.1614e-06,-84.9303,0.00012301,7.84188e-06,-0.999783,0.0208222,5.53587e-06,0,0,0,0,0,0,0,0,0,0,0,0,0,0,0,0,0,0,0,0,0,0,0,0,0,0,0,0,0,0,0,0,-0,0,0,0.0230354,0.0384127,0.0241455,0.0484084,0.0400268,0.0139326,0.0634788,0.0314065,0.0295072,0.0195652,0.0154011,0.0157902,0.0102958,0,
243,-0.349066,-1.39143e-05,-1.1614e-06,-84.9303,0.00012301,7.84188e-06,-0.999783,0.0208222,2.39438e-06,0,0,0,0,0,0,0,0,0,0,0,0,0,0,0,0,0,0,0,0,0,0,0,0,0,0,0,0,0,0,0,0,0,0,0,0.0443941,0.0270357,0.0576453,0.0447917,0.0386151,0.0172329,0.0267471,0.0246877,0.0368067,0.0139763,0.00205005,0.00719597,0.00725441,0,
244,-0.366519,-1.39143e-05,-1.1614e-06,-84.9303,0.00012301,7.84188e-06,-0.999783,0.0208222,1.22059e-06,0,0,0,0,0,0,0,0,0,0,0,0,0,0,0,0,0,0,0,0,0,0,0,0,0,0,0,0,0,0,0,0,0,0,0,0.0123587,0.0282731,0.0425474,0.0439227,0.0535477,0.0291513,0.0633907,0.0417223,0.0466933,0,0.00560327,0.0136432,0.00858162,0,
245,-0.383972,-1.39143e-05,-1.1614e-06,-84.9303,0.00012301,7.84188e-06,-0.999783,0.0208222,1.47996e-06,0,0,0,0,0,0,0,0,0,0,0,0,0,0,0,0,0,0,0,0,0,0,0,0,0,0,0,0,0,0,0,0,0,0,0,0,0.037738,0.0362372,0.0213753,0.024151,0.0254395,0.0424824,0.0431456,0,0,0.0167005,0.029317,0.0110749,0,
246,-0.401426,-1.39143e-05,-1.1614e-06,-84.9303,0.00012301,7.84188e-06,-0.999783,0.0208222,2.35242e-06,0,0,0,0,0,0,0,0,0,0,0,0,0,0,0,0,0,0,0,0,0,0,0,0,0,0,0,0,0,0,0,0,0,0,0,0,0.0758668,0.039586,0.0485232,0.0231913,0.011843,0.0209375,0.0345419,0.00231509,0.0116124,0.00473445,0.00758346,0.00467723,0,
247,-0.418879,-1.39143e-05,-1.1614e-06,-84.9303,0.00012301,7.84188e-06,-0.999783,0.0208222,4.18701e-06,0,0,0,0,0,0,0,0,0,0,0,0,0,0,0,0,0,0,0,0,0,0,0,0,0,0,0,0,0,0,0,0,0,0,0,0,0.0170824,0.0283364,0.00288329,0.00796408,0.0182853,0.02292,0.00895667,0.00576913,0.0102684,0.00606229,0.0017552,0.00471755,0,
248,-0.436332,-1.39143e-05,-1.1614e-06,-84.9303,0.00012301,7.84188e-06,-0.999783,0.0208222,1.72226e-06,0,0,0,0,0,0,-0,0,0,0,0,0,0,0,0,0,0,0,0,0,0,0,0,0,0,0,0,0,0,0,0,0,0,0,0,0,0.0401149,0.0391734,0.0292085,0.00907026,0.035361,0.00441728,0.00648237,0.00910628,0.0131337,0.0103423,0.0170185,0.00318445,0,
249,-0.453786,-1.39143e-05,-1.1614e-06,-84.9303,0.00012301,7.84188e-06,-0.999783,0.0208222,3.14449e-06,0,0,0,0,0,0,0,0,0,0,0,0,0,0,0,0,0,0,0,0,0,-0,0,0,0,0,0,0,0,0,0,0,0,0,0,0,0,0.0194176,0.0294305,0.0152586,0.0129946,0.0251005,0.00725029,0.0035233,0.00640576,0.0136557,0.00540161,0.0163277,0,
250,-0.471239,-1.39143e-05,-1.1614e-06,-84.9303,0.00012301,7.84188e-06,-0.999783,0.0208222,3.24818e-06,0,0,0,0,0,0,0,0,0,0,0,0,0,0,0,0,0,0,0,0,0,0,0,0,0,0,0,0,0,0,0,0,0,0,0,0,0,0.00760609,0.0264619,0.019044,0.0113205,0.00309341,0.00600905,0.0117483,0.00861875,0.00953661,0.00764376,0.0179896,0,
251,-0.488692,-1.39143e-05,-1.1614e-06,-84.9303,0.00012301,7.84188e-06,-0.999783,0.0208222,3.29776e-06,0,0,0,0,0,0,0,0,0,0,0,0,0,0,0,0,0,0,0,0,0,0,0,0,0,0,0,0,0,0,0,0,0,0,0,0,0,0.0465069,0.0249825,0.0341756,0.0410101,0.0181187,0.0193825,0.00768956,0.00328157,0.0149319,0.00619575,0.0237521,0,
252,-0.506145,-1.39143e-05,-1.1614e-06,-84.9303,0.00012301,7.84188e-06,-0.999783,0.0208222,3.04459e-06,0,0,0,0,0,0,0,0,0,0,0,0,0,0,0,0,0,0,0,0,0,0,0,0,0,0,0,0,0,0,0,0,0,0,0,0,0,0.0310398,0.0575647,0.0221791,0.0116522,0.00672111,0.0123188,0.00250432,0.00464674,0.0212703,0.0132682,0.0100185,0,
253,-0.523599,-1.39143e-05,-1.1614e-06,-84.9303,0.00012301,7.84188e-06,-0.999783,0.0208222,3.24262e-06,0,0,0,0,0,0,0,0,0,0,0,0,0,0,0,0,0,0,0,0,0,0,0,0,0,0,0,0,0,0,0,0,0,0,0,0,0,0.0388122,0,0.0189717,0.019561,0.0311785,0.00262968,0,0.0134187,0.00378257,0.00464941,0.0132678,0,
254,-0.541052,-1.39143e-05,-1.1614e-06,-84.9303,0.00012301,7.84188e-06,-0.999783,0.0208222,3.65374e-06,0,0,0,0,0,0,0,0,0,0,0,0,0,0,0,0,0,0,0,0,0,0,0,0,0,0,0,0,0,0,0,0,0,0,0,0,0,0.0342619,0.0328576,0.0145903,0.0200296,0.0236452,0.013436,0.00763726,0.0124873,0.0196952,0.0285785,0.0242415,0,
255,-0.558505,-1.39143e-05,-1.1614e-06,-84.9303,0.00012301,7.84188e-06,-0.999783,0.0208222,3.18624e-06,0,0,0,0,0,0,0,0,0,0,0,0,0,0,0,0,0,0,0,0,0,0,0,0,0,0,0,0,0,0,0,0,0,0,0,0,0,0.00966365,0.0162556,0.0372759,0.0265259,0.033514,0.00599941,0.00452757,0.00381763,0.0154341,0.0773388,0.0162759,0,
256,-0.575959,-1.39143e-05,-1.1614e-06,-84.9303,0.00012301,7.84188e-06,-0.999783,0.0208222,3.42468e-06,0,0,0,0,0,0,0,0,0,0,0,0,0,0,0,0,0,0,0,0,0,0,0,0,0,0,0,0,0,0,0,0,0,0,0,0,0,0.0238885,0.0117036,0.0303676,0.0536339,0.0197215,0.00814626,0.0132086,0.0160198,0.0239295,0.0331101,0.00782531,0,
257,-0.593412,-1.39143e-05,-1.1614e-06,-84.9303,0.00012301,7.84188e-06,-0.999783,0.0208222,3.29748e-06,0,0,0,0,0,0,0,0,0,0,0,0,0,0,0,0,0,0,0,0,0,0,0,0,0,0,0,0,0,0,0,0,0,0,0,0,-0,0.0426494,0.04917,0.0424371,0.0291513,0.0211997,0.0303006,0.0013546,0.00224972,0.0172881,0.0128415,0.0175156,0,
258,-0.610865,-1.39143e-05,-1.1614e-06,-84.9303,0.00012301,7.84188e-06,-0.999783,0.0208222,3.17847e-06,0,0,0,0,0,0,0,0,0,0,0,0,0,0,0,0,0,0,0,0,0,0,0,0,0,0,0,0,0,0,0,0,0,0,0,0,0,0.00698941,0.0580241,0.0823324,0.0372459,0.0156351,0.0318957,0.0274332,0.00387041,0.00361922,0.0103822,0.0266389,0,
259,-0.628319,-1.39143e-05,-1.1614e-06,-84.9303,0.00012301,7.84188e-06,-0.999783,0.0208222,1.45977e-06,0,0,0,0,0,0,0,0,0,0,0,0,0,0,0,0,0,0,0,0,0,0,0,0,0,0,0,0,0,0,0,0,0,0,0,0,0,0.0250268,0.0221761,0.0282797,0.0348743,0.0170356,0.0174542,0.0100938,0.00807488,0.00119172,0.00732899,0.0128752,0,
260,-0.645772,-1.39143e-05,-1.1614e-06,-84.9303,0.00012301,7.84188e-06,-0.999783,0.0208222,2.04962e-06,0,0,0,0,0,0,0,0,0,0,0,0,0,0,0,0,0,0,0,0,0,0,0,0,0,0,0,0,0,0,0,0,0,0,0,0,0,0.00606225,0.0323808,0.0118056,0.0214646,0.0248977,0.0240676,0.00827398,0.0022394,0.00179122,0.00190213,0.0131564,0,
261,-0.663225,-1.39143e-05,-1.1614e-06,-84.9303,0.00012301,7.84188e-06,-0.999783,0.0208222,1.52003e-06,0,0,0,0,0,0,0,0,0,0,0,0,0,0,0,0,0,0,0,0,0,0,0,0,0,0,0,0,0,0,0,0,0,0,0,0,0,0.0259448,0.0274327,0.0291132,0.0326549,0.0440482,0.0418481,0.00698746,0.00182187,0.00472379,0.0101497,0.0216262,0,
262,-0.680678,-1.39143e-05,-1.1614e-06,-84.9303,0.00012301,7.84188e-06,-0.999783,0.0208222,2.28173e-06,0,0,0,0,0,0,0,0,0,0,0,0,0,0,0,0,0,0,0,0,0,0,0,0,0,0,0,0,0,0,0,0,0,0,0,0,0,0.0471602,0.0409289,0.0204957,0.0297772,0.00757882,0.0266742,0.0180948,0.0073645,0.0034495,0.0102738,0.060961,0,
263,-0.698132,-1.39143e-05,-1.1614e-06,-84.9303,0.00012301,7.84188e-06,-0.999783,0.0208222,2.86078e-06,0,0,0,0,0,0,0,0,0,0,0,0,0,0,-0,0,0,0,0,0,0,0,0,0,0,0,0,0,0,0,0,0,0,0,0,0,0,0.0371448,0.0472287,0.00701647,0.0263266,0.00941433,0.0150773,0.00736999,0.00302898,0.00359519,0.0021064,0.0304831,0,
264,-0.715585,-1.39143e-05,-1.1614e-06,-84.9303,0.00012301,7.84188e-06,-0.999783,0.0208222,4.20324e-06,0,0,0,0,0,0,0,0,0,0,0,0,0,0,0,0,0,-0,0,0,0,0,0,0,0,0,0,0,0,0,0,0,0,0,0,0,0,0.0166621,0.00795048,0.0183095,0.00979,0.0333423,0.0228683,0.0114341,0.00713092,0.00466016,0.0100799,0.0216363,0,
265,-0.733038,-1.39143e-05,-1.1614e-06,-84.9303,0.00012301,7.84188e-06,-0.999783,0.0208222,3.1193e-06,0,0,0,0,0,0,0,0,0,0,0,0,0,0,0,0,0,0,0,0,0,0,0,0,0,0,0,0,0,0,0,0,0,0,0,0,0,0.0338226,0.009847,0.0140676,0.0445134,0.0202657,0.00505303,0.00192257,0.00508327,0.00907774,0.00288618,0.0213636,0,
266,-0.750492,-1.39143e-05,-1.1614e-06,-84.9303,0.00012301,7.84188e-06,-0.999783,0.0208222,4.83863e-07,0,0,0,0,0,0,0,0,0,0,0,0,0,0,-0,0,0,0,0,0,0,0,0,0,0,0,0,0,0,0,0,0,0,0,0,0,0,0.00762075,0.0158772,0.016837,0.0147195,0.026629,0.00496037,0.0029997,0.0172417,0.0329955,0.0335135,0.0201436,0,
267,-0.767945,-1.39143e-05,-1.1614e-06,-84.9303,0.00012301,7.84188e-06,-0.999783,0.0208222,3.43229e-06,0,0,0,0,0,0,0,0,0,0,0,0,0,0,0,0,0,0,0,0,0,0,0,0,0,0,0,0,0,0,0,0,0,0,0,0,0,0.0065031,0.0157567,0.0119038,0.0159101,0.0140948,0.0139286,0.0029917,0.0124649,0.0372496,0.0239768,0.0503818,0,
268,-0.785398,-1.39143e-05,-1.1614e-06,-84.9303,0.00012301,7.84188e-06,-0.999783,0.0208222,2.3856e-06,0,0,0,0,0,0,0,0,0,0,0,0,0,0,0,0,0,0,0,0,0,0,0,0,0,0,0,0,0,0,0,0,0,0,0,0,0,0.015378,0.0216663,0.00935098,0.0159838,0.00648943,0.0143778,0.0108628,0.0156394,0.0229995,0.0150978,0.0567555,0,
269,-0.802851,-1.39143e-05,-1.1614e-06,-84.9303,0.00012301,7.84188e-06,-0.999783,0.0208222,4.13947e-06,0,0,0,0,0,0,0,0,0,0,0,0,0,0,0,0,0,0,0,0,0,0,0,0,0,0,0,0,0,0,0,0,0,0,0,0,0.00491094,0.0147681,0.0181626,0.01887,0.0349573,0.0133395,0.0354398,0.014388,0.0193548,0.0349433,0.0442393,0.0480297,0,
270,-0.820305,-1.39143e-05,-1.1614e-06,-84.9303,0.00012301,7.84188e-06,-0.999783,0.0208222,2.49855e-06,0,0,0,0,0,0,0,0,0,0,0,0,0,0,0,0,0,0,0,0,0,0,0,0,0,0,0,0,0,0,0,0,0,0,0,0,0.0516523,0.0189153,0.0388453,0.0150949,0.00792701,0.0120347,0.0083488,0.0336749,0.0312865,0.0227694,0.0213164,0.0460463,0,
271,-0.837758,-1.39143e-05,-1.1614e-06,-84.9303,0.00012301,7.84188e-06,-0.999783,0.0208222,3.41126e-06,0,0,0,0,0,0,0,0,0,0,0,0,0,0,0,0,0,0,0,0,0,0,0,0,0,0,0,0,0,0,0,0,0,0,0,0.0506142,0.0750757,0.0213225,0.0405597,0.0290551,0.017872,0.00646572,0.00656002,0.0258795,0.0157544,0.0241318,0.0565528,0.0507597,0,
272,-0.855211,-1.39143e-05,-1.1614e-06,-84.9303,0.00012301,7.84188e-06,-0.999783,0.0208222,3.19374e-06,0,0,0,0,0,0,0,0,0,0,0,0,0,0,0,0,0,0,0,0,0,0,0,0,0,0,0,0,0,0,0,0,0,0.00844431,0.0293472,0.0280696,0.0129685,0.0120931,0.0097882,0.0171477,0.0208208,0.00965861,0.0517241,0.0354121,0.0379848,0.0629222,0.059057,0.0882554,0,
273,-0.872665,-1.39143e-05,-1.1614e-06,-84.9303,0.00012301,7.84188e-06,-0.999783,0.0208222,2.05992e-06,0,0,0,0,0,0,0,0,0,0,0,0,0,0,0,0,0,0,0,0,0,0,0,0,0,0,0,0,0,0,0,0.000460831,0.0194297,0.0038912,0.0093625,0.0366139,0.0189617,0.0228206,0.0499031,0,0.00965175,0.00611479,0.0140223,0.0204442,0.0214835,0.0637265,0.0896819,0.0786936,0,
274,-0.890118,-1.39143e-05,-1.1614e-06,-84.9303,0.00012301,7.84188e-06,-0.999783,0.0208222,4.92578e-07,0,0,0,0,0,0,0,0,0,0,0,0,0,0,0,0,0,0,0,0,0,0,0,0,0,0,0,0,0,0,0,0.0066586,0.0158779,0.00181336,0.0305132,0.0243741,0.0364239,0.010093,0.00959301,0.00476282,0.006858,0.0263821,0.0373308,0.0266875,0.0354185,0.0548559,0.037755,0.037387,0,
275,-0.907571,-1.39143e-05,-1.1614e-06,-84.9303,0.00012301,7.84188e-06,-0.999783,0.0208222,2.05507e-06,0,0,0,0,0,0,0,0,0,0,0,0,0,0,0,0,0,0,0,0,0,0,0,0,0,0,0,0,0,0,0,0.00708947,0.0376521,0.016491,0.0152437,0.00573368,0.0175759,0.0241213,0.0282847,0.00318251,0.00846197,0.0304918,0.0171891,0.0198309,0.0401575,0,0,0.0748247,0,
276,-0.925025,-1.39143e-05,-1.1614e-06,-84.9303,0.00012301,7.84188e-06,-0.999783,0.0208222,2.46073e-06,0,0,0,0,0,0,0,0,0,0,0,0,0,0,0,0,0,0,0,0,0,0,0,0,0,0,0,0,0,0,0.0580761,0.00959949,0.0186101,0.00659181,0.0257232,0.0350951,0.0248045,0.0310901,0,0,0,0.0514467,0.0492886,0.0404071,0.0204964,0.027796,0,0.0143621,0,
277,-0.942478,-1.39143e-05,-1.1614e-06,-84.9303,0.00012301,7.84188e-06,-0.999783,0.0208222,2.78804e-06,0,0,0,0,0,0,0,0,0,0,0,0,0,0,0,0,0,0,0,0,0,0,0,0,0,0,0,0,0,0,0.0124067,0.00548483,0.0202502,0.00579199,0.0338622,0.0175605,0.0631398,0.00254179,0,0,0,0.0155624,0.0113663,0.0675496,0.0343049,0.0149541,0.0200943,0.0294271,0,
278,-0.959931,-1.39143e-05,-1.1614e-06,-84.9303,0.00012301,7.84188e-06,-0.999783,0.0208222,2.29589e-06,0,0,0,0,0,0,0,0,0,0,0,0,0,0,0,0,0,0,0,0,0,0,0,0,0,0,0,0,0,0.000341298,0.00718638,0.0121819,0.0158518,0.016055,0.0629746,0.0451447,0.0237648,0,0,0,0,0,0,0,0.0129231,0.0292657,0.016111,0.0235515,0,
279,-0.977384,-1.39143e-05,-1.1614e-06,-84.9303,0.00012301,7.84188e-06,-0.999783,0.0208222,4.61454e-07,0,0,0,0,0,0,0,0,0,0,0,0,0,0,0,0,0,0,0,0,0,0,0,0,0,0,0,0,0,0.0099406,0.00463425,0.00937681,0.0311482,0.0214171,0.0294236,0.0499407,0.00634636,0,0,0,0,0,0,0,0.00215856,0.0312077,0.0155033,0.0414237,0,
280,-0.994838,-1.39143e-05,-1.1614e-06,-84.9303,0.00012301,7.84188e-06,-0.999783,0.0208222,2.73643e-06,0,0,0,0,0,0,0,0,0,0,0,0,0,0,0,0,0,0,0,0,0,0,0,0,0,0,0,0,0.00734172,0.012942,0.0287018,0.00412478,0.0304602,0.0294467,0.0467434,0.0198997,0,0,0,0,0,0,0,0,0,0.0650838,0.0121569,0.0325316,0,
281,-1.01229,-1.39143e-05,-1.1614e-06,-84.9303,0.00012301,7.84188e-06,-0.999783,0.0208222,2.28784e-06,0,0,0,0,0,0,0,0,0,0,0,0,0,0,0,0,0,0,0,0,0,0,0,0,0,0,0,0,0.000754572,0.00314258,0.00221371,0.0147146,0.0291867,0.0191425,0.0502781,0,0,0,0,0,0,0,0,0,0,0,0.0528604,0.0587859,0,
282,-1.02974,-1.39143e-05,-1.1614e-06,-84.9303,0.00012301,7.84188e-06,-0.999783,0.0208222,3.22451e-06,0,0,0,0,0,0,0,0,0,0,0,0,0,0,0,0,0,0,0,-0,0,0,0,0,0,0,0,3.8945e-05,0.00451317,0.00588475,0.0350881,0.00467307,0.0140468,0.0259111,0.0194924,0,0,0,0,0,0,0,0,0,0,0,0.0857527,0.0623497,0,
283,-1.0472,-1.39143e-05,-1.1614e-06,-84.9303,0.00012301,7.84188e-06,-0.999783,0.0208222,1.92255e-06,0,0,0,0,0,0,0,0,0,0,0,0,0,0,0,0,0,0,0,0,0,0,0,0,0,0,0,0.00158469,0.00173537,0.00874323,0.00572227,0.00481323,0.0392469,0.0341458,0,0,0,0,0,0,0,0,0,0,0,0,0.0839079,0.0241009,0,
284,-1.06465,-1.39143e-05,-1.1614e-06,-84.9303,0.00012301,7.84188e-06,-0.999783,0.0208222,3.3978e-06,0,0,0,0,0,0,0,0,0,0,0,0,0,0,0,0,0,0,0,0,0,0,0,0,0,0,0.0100607,0.00352379,0.00621885,0.00394169,0.0212724,0.0121632,0.0164884,0.0218024,0,0,0,0,0,0,0,0,0,0,0,0,0.0176954,0,0,
285,-1.0821,-1.39143e-05,-1.1614e-06,-84.9303,0.00012301,7.84188e-06,-0.999783,0.0208222,2.54474e-06,0,0,0,0,0,0,0,0,0,0,0,0,0,0,0,0,0,0,0,0,0,0,0,0,0,0,0.00194605,0.0131093,0.0332332,0.00615269,0.0105969,0.00552273,0.00359317,0,0,0,0,0,0,0,0,0,0,0,0,0,0,0,0,
286,-1.09956,-1.39143e-05,-1.1614e-06,-84.9303,0.00012301,7.84188e-06,-0.999783,0.0208222,2.5496e-06,0,0,0,0,0,0,0,0,0,0,0,0,0,0,0,0,0,0,0,0,0,0,0,0,0,9.46154e-06,0.00161514,0.00477737,0.0152661,0.0149281,0.00730902,0.0609369,0.0236728,0,0,0,0,0,0,0,0,0,0,0,0,0,0,0,0,
287,-1.11701,-1.39143e-05,-1.1614e-06,-84.9303,0.00012301,7.84188e-06,-0.999783,0.0208222,1.06396e-06,0,0,0,0,0,0,0,0,0,0,0,0,0,0,0,0,0,0,0,0,0,0,0,0,0,0.00229857,0.00109258,0.00519301,0.00296775,0.00902255,0.0202581,0.0597014,0.113851,0,0,0,0,0,0,0,0,0,0,0,0,0,0,0,0,
288,-1.13446,-1.39143e-05,-1.1614e-06,-84.9303,0.00012301,7.84188e-06,-0.999783,0.0208222,2.19998e-06,0,0,0,0,0,0,0,0,0,0,0,0,0,0,0,0,0,0,0,0,0,0,0,0,0,0.00388496,0.022856,0.0054021,0.00207275,0.00650606,0.0212813,0.0174021,0,0,0,0,0,0,0,0,0,0,0,0,0,0,0,0,0,
289,-1.15192,-1.39143e-05,-1.1614e-06,-84.9303,0.00012301,7.84188e-06,-0.999783,0.0208222,1.95116e-06,0,0,0,0,0,0,0,0,0,0,0,0,0,0,0,0,0,0,0,0,-0,0,0,0,0,0.0174536,0.00440283,0.00258929,0.0141896,0.015648,0.0453748,0.00191362,0,0,0,0,0,0,0,0,0,0,0,0,0,0,0,0,0,
290,-1.16937,-1.39143e-05,-1.1614e-06,-84.9303,0.00012301,7.84188e-06,-0.999783,0.0208222,3.08856e-06,0,0,0,0,-0,0,0,0,0,0,0,0,0,0,0,0,0,0,0,0,0,0,0,0,0.0313074,0.00884509,0.00142737,0.00031726,0.00754883,0.0168735,0.0366154,0.0384789,0,0,0,0,0,0,0,0,0,0,0,0,0,0,0,0,0,
291,-1.18682,-1.39143e-05,-1.1614e-06,-84.9303,0.00012301,7.84188e-06,-0.999783,0.0208222,1.58898e-06,0,0,0,0,0,0,0,0,0,0,0,0,0,0,0,0,0,0,0,0,0,0,0,0,0.00479486,0.00677564,0.00528092,0.013627,0.00244782,0.0164449,0.0257144,0.0455836,0.0142015,0,0,0,0,0,0,0,0,0,0,0,0,0,0,0,0,
292,-1.20428,-1.39143e-05,-1.1614e-06,-84.9303,0.00012301,7.84188e-06,-0.999783,0.0208222,3.56343e-06,0,0,0,0,0,0,0,0,0,0,0,0,0,0,0,0,0,0,0,0,0,0,0,0,0.00233114,0.00690379,0.00404336,0.00841935,0.00533014,0.0485801,0.0129056,0.0377515,0.0273987,0.0591791,0,0,0,0,0,0,0,0,0,0,0,0,0,0,0,
293,-1.22173,-1.39143e-05,-1.1614e-06,-84.9303,0.00012301,7.84188e-06,-0.999783,0.0208222,7.96192e-07,0,0,0,0,0,0,0,0,0,0,0,0,0,0,0,0,0,0,0,0,0,0,0,0,0.000618219,0.00365727,0.000513272,0.00245209,0.0115558,0.0185558,0.0220601,0.0253298,0.0686543,0.0570568,0.0285329,0,0,0,0,0,0,0,0,0,0,0,0,0,0,
294,-1.23918,-1.39143e-05,-1.1614e-06,-84.9303,0.00012301,7.84188e-06,-0.999783,0.0208222,1.73926e-06,0,0,0,0,0,0,0,0,0,0,0,0,0,0,0,0,0,0,0,0,0,0,0,0,0.00467573,0.0127093,0.00138464,0.0047021,0.0140794,0.00469811,0.0494159,0.0187569,0.0517067,0.0507378,0,0,0,0,0,0,0,0,0,0,0,0,0,0,0,
295,-1.25664,-1.39143e-05,-1.1614e-06,-84.9303,0.00012301,7.84188e-06,-0.999783,0.0208222,2.77197e-06,0,0,0,0,0,0,0,0,0,0,0,0,0,0,0,0,0,0,0,0,0,0,0,0,0.0037878,0.0030712,0.00684164,0.0100769,0.00297988,0.0053319,0.00725566,0.00479152,0.0149106,0,0,0,0,0,0,0,0,0,0,0,0,0,0,0,0,
296,-1.27409,-1.39143e-05,-1.1614e-06,-84.9303,0.00012301,7.84188e-06,-0.999783,0.0208222,2.28289e-06,0,0,0,0,0,0,0,0,0,0,0,0,0,0,0,0,0,0,0,0,0,0,0,1.51528e-05,0.00320109,0.00315465,0.00946523,0.00106485,0.00911302,0.0148816,0.0317482,0.00503359,0,0,0,0,0,0,0,0,0,0,0,0,0,0,0,0,0,
297,-1.29154,-1.39143e-05,-1.1614e-06,-84.9303,0.00012301,7.84188e-06,-0.999783,0.0208222,2.69913e-06,0,0,0,0,0,0,0,0,0,0,0,0,0,0,0,0,0,0,0,0,0,0,0,0.000960617,0.00518236,0.00465241,0.00493143,0.0135453,0.0292777,0.00564456,0.0583469,0,0,0,0,0,0,0,0,0,0,0,0,0,0,0,0,0,0,
298,-1.309,-1.39143e-05,-1.1614e-06,-84.9303,0.00012301,7.84188e-06,-0.999783,0.0208222,2.45308e-06,0,0,0,0,0,0,0,0,0,0,0,0,0,0,0,0,0,0,0,0,0,0,0,0.00116404,0.0124155,0.00128776,0.0201939,0.00583434,0.025717,0.0319855,0,0,0,0,0,0,0,0,0,0,0,0,0,0,0,0,0,0,0,
299,-1.29154,-1.39143e-05,-1.1614e-06,-84.9303,0.00012301,7.84188e-06,-0.999783,0.0208222,1.98608e-06,0,0,0,0,0,0,0,0,0,0,0,0,0,0,0,0,0,0,0,0,0,0,0,0.00133082,0.0149161,0.00177201,0.00299047,0.0224958,0.0268334,0.00722582,0.121198,0,0,0,0,0,0,0,0,0,0,0,0,0,0,0,0,0,0,
300,-1.27409,-1.39143e-05,-1.1614e-06,-84.9303,0.00012301,7.84188e-06,-0.999783,0.0208222,2.76794e-06,0,0,0,0,0,0,0,0,0,0,0,0,0,0,0,0,0,0,0,0,0,0,0,9.49331e-06,0.00424098,0.00201732,0.0128745,0.00547764,0.0105625,0.0054935,0.0451469,0.013087,0,0,0,0,0,0,0,0,0,0,0,0,0,0,0,0,0,
301,-1.25664,-1.39143e-05,-1.1614e-06,-84.9303,0.00012301,7.84188e-06,-0.999783,0.0208222,2.2858e-06,0,0,0,0,0,0,0,0,0,0,0,0,0,0,0,0,0,0,0,0,0,0,0,0,0.0010806,0.00485266,0.00733873,0.0106731,0.000504234,0.0027121,0.00701966,0.0056189,0.0127504,0,0,0,0,0,0,0,0,0,0,0,0,0,0,0,0,
302,-1.23918,-1.39143e-05,-1.1614e-06,-84.9303,0.00012301,7.84188e-06,-0.999783,0.0208222,2.83802e-06,0,0,0,0,0,0,0,0,0,0,0,0,0,0,0,0,0,0,0,0,0,0,0,0,0.00285462,0.0102655,0.000640363,0.00685921,0.00653813,0.0278794,0.063927,0.0400661,0.0424739,0.0538265,0,0,0,0,0,0,0,0,0,0,0,0,0,0,0,
303,-1.22173,-1.39143e-05,-1.1614e-06,-84.9303,0.00012301,7.84188e-06,-0.999783,0.0208222,2.46e-06,0,0,0,0,0,0,0,0,0,0,0,0,0,0,0,0,0,0,0,0,0,0,0,0,0.000941483,0.00292722,0.000708932,0.00331988,0.0101654,0.0470549,0.0370114,0.0204663,0.0263935,0.0738123,0.0455215,0,0,0,0,0,0,0,0,0,0,0,0,0,0,
304,-1.20428,-1.39143e-05,-1.1614e-06,-84.9303,0.00012301,7.84188e-06,-0.999783,0.0208222,4.26229e-06,0,0,0,0,0,0,0,0,0,0,0,0,0,0,0,0,0,0,0,0,0,0,0,0,0.00174466,0.00646419,0.00283826,0.00707413,0.00890797,0.0484822,0.0317033,0.048051,0.0425605,0.04852,0,0,0,0,0,0,0,0,0,0,0,0,0,0,0,
305,-1.18682,-1.39143e-05,-1.1614e-06,-84.9303,0.00012301,7.84188e-06,-0.999783,0.0208222,2.49174e-06,0,0,0,0,0,0,0,0,0,0,0,0,0,0,0,0,0,0,0,0,0,0,0,0,0.00822994,0.00462201,0.00573999,0.00450286,0.00240951,0.037143,0.0297726,0.0211644,0.0157802,0,0,0,0,0,0,0,0,0,0,0,0,0,0,0,0,
306,-1.16937,-1.39143e-05,-1.1614e-06,-84.9303,0.00012301,7.84188e-06,-0.999783,0.0208222,2.44925e-06,0,0,0,0,0,0,0,0,0,0,0,0,0,0,0,0,0,0,0,0,0,0,0,0,0.0194427,0.00678374,0.00234846,0.000461973,0.00681837,0.00894343,0.0217604,0.0191111,0,0,0,0,0,0,0,0,0,0,0,0,0,0,0,0,0,
307,-1.15192,-1.39143e-05,-1.1614e-06,-84.9303,0.00012301,7.84188e-06,-0.999783,0.0208222,3.29423e-06,0,0,0,0,0,0,0,0,0,0,0,0,0,0,0,0,0,0,0,0,0,0,0,0,0,0.0174451,0.00561172,0.00319767,0.0123925,0.00554242,0.0489654,0.00242892,0,0,0,0,0,0,0,0,0,0,0,0,0,0,0,0,0,
308,-1.13446,-1.39143e-05,-1.1614e-06,-84.9303,0.00012301,7.84188e-06,-0.999783,0.0208222,2.60413e-06,0,0,0,0,0,0,0,0,0,0,0,0,0,0,0,0,0,0,0,0,0,0,0,0,0,0.0144733,0.0125194,0.00617929,0.000996421,0.0040497,0.0199441,0.0125719,0,0,0,0,0,0,0,0,0,0,0,0,0,0,0,0,0,
309,-1.11701,-1.39143e-05,-1.1614e-06,-84.9303,0.00012301,7.84188e-06,-0.999783,0.0208222,2.61565e-06,0,0,0,0,0,0,0,0,0,0,0,0,0,0,0,0,0,0,0,0,0,0,0,0,0,0.00122568,0.00229735,0.00466036,0.00257158,0.00470683,0.0121559,0.0307633,0.0528923,0,0,0,0,0,0,0,0,0,0,0,0,0,0,0,0,
310,-1.09956,-1.39143e-05,-1.1614e-06,-84.9303,0.00012301,7.84188e-06,-0.999783,0.0208222,2.01939e-06,0,0,0,0,0,0,0,0,0,0,0,0,0,0,0,0,0,0,0,0,0,0,0,0,0,1.09403e-05,0.00297779,0.0108383,0.0223525,0.00602003,0.0101995,0.0437663,0.0324259,0,0,0,0,0,0,0,0,0,0,0,0,0,0,0,0,
311,-1.0821,-1.39143e-05,-1.1614e-06,-84.9303,0.00012301,7.84188e-06,-0.999783,0.0208222,2.30265e-06,0,0,0,0,0,0,0,0,0,0,0,0,0,0,0,0,0,0,0,0,0,0,0,0,0,0,0.00107539,0.0130599,0.0244976,0.0096258,0.0118684,0.00278379,0.00109207,0,0,0,0,0,0,0,0,0,0,0,0,0,0,0,0,
312,-1.06465,-1.39143e-05,-1.1614e-06,-84.9303,0.00012301,7.84188e-06,-0.999783,0.0208222,1.91097e-06,0,0,0,0,0,0,0,0,0,0,0,0,0,0,0,0,0,0,0,0,0,0,0,0,0,0,0.00620604,0.00151939,0.00880033,0.0125379,0.0149998,0.00807194,0.0373581,0.0202803,0,0,0,0,0,0,0,0,0,0,0,0,0.0189561,0,0,
313,-1.0472,-1.39143e-05,-1.1614e-06,-84.9303,0.00012301,7.84188e-06,-0.999783,0.0208222,1.46446e-06,0,0,0,0,0,0,0,0,0,0,0,0,0,0,0,0,0,0,0,0,0,0,0,0,0,0,0,0.00296684,0.00321903,0.00742445,0.0103898,0.00850093,0.0420459,0.0411306,0,0,0,0,0,0,0,0,0,0,0,0,0.0362011,0.0453628,0,
314,-1.02974,-1.39143e-05,-1.1614e-06,-84.9303,0.00012301,7.84188e-06,-0.999783,0.0208222,1.47025e-06,0,0,0,0,0,0,0,0,0,0,0,0,0,0,0,0,0,0,0,0,0,0,0,0,0,0,0,4.75452e-05,0.00563415,0.00418669,0.0219935,0.0146112,0.0201725,0.0190924,0.0240053,0,0,0,0,0,0,0,0,0,0,0,0.0102264,0.109397,0,
315,-1.01229,-1.39143e-05,-1.1614e-06,-84.9303,0.00012301,7.84188e-06,-0.999783,0.0208222,4.58679e-06,0,0,0,0,0,0,0,0,0,0,0,0,0,0,0,0,0,0,0,0,0,0,0,0,0,0,0,0,0.000951585,0.00244168,0.00432347,0.0120754,0.0318649,0.0232493,0.0200478,0,0,0,0,0,0,0,0,0,0,0,0.13742,0.071931,0,
316,-0.994838,-1.39143e-05,-1.1614e-06,-84.9303,0.00012301,7.84188e-06,-0.999783,0.0208222,2.49626e-06,0,0,0,0,0,0,0,0,0,0,0,0,0,0,0,0,0,0,0,0,0,0,0,0,0,0,0,0,0.00464883,0.0181371,0.0154135,0.00721768,0.0268767,0.0286744,0.0102203,0.0478931,0,0,0,0,0,0,0,0,0,0.054706,0.0533176,0.0477251,0,
317,-0.977384,-1.39143e-05,-1.1614e-06,-84.9303,0.00012301,7.84188e-06,-0.999783,0.0208222,3.75708e-06,0,0,0,0,0,0,0,0,0,0,0,0,0,0,0,0,0,0,0,0,0,0,0,0,0,0,0,0,0,0.007505,0.0151831,0.00671013,0.0232327,0.0306435,0.0735208,0.0456487,0.0045129,0,0,0,0,0,0,0,0.00177039,0.0222572,0.0482903,0.0379374,0,
318,-0.959931,-1.39143e-05,-1.1614e-06,-84.9303,0.00012301,7.84188e-06,-0.999783,0.0208222,3.19254e-06,0,0,0,0,0,0,0,0,0,0,0,0,0,0,0,0,0,0,0,0,0,0,0,0,0,0,0,0,0,0.000237328,0.0114193,0.0232427,0.0245681,0.0216639,0.0855851,0.0449077,0.0219114,0,0,0,0,0,0,0,0.00718912,0.0365081,0.0251616,0.0641947,0,
319,-0.942478,-1.39143e-05,-1.1614e-06,-84.9303,0.00012301,7.84188e-06,-0.999783,0.0208222,2.81076e-06,0,0,0,0,0,0,0,0,0,0,0,0,0,0,0,0,0,0,0,0,0,0,0,0,0,0,0,0,0,0,0.00859678,0.00908982,0.00308232,0.00560653,0.0364223,0.0295354,0.0368919,0.00243285,0,0,0,0.0209815,0.0197705,0.0133602,0.0318584,0.0541863,0.0374871,0.0457956,0,
320,-0.925025,-1.39143e-05,-1.1614e-06,-84.9303,0.00012301,7.84188e-06,-0.999783,0.0208222,3.2326e-06,0,0,0,0,0,0,0,0,0,0,0,0,0,0,0,0,0,0,0,0,0,0,0,0,0,0,0,0,0,0,0.0460486,0.00183038,0.0129416,0.00689702,0.0173528,0.054872,0.0295126,0.0344192,0,0,0,0.0337447,0.0402929,0.0345445,0.0716526,0.0271458,0,0.0344302,0,
321,-0.907571,-1.39143e-05,-1.1614e-06,-84.9303,0.00012301,7.84188e-06,-0.999783,0.0208222,3.47144e-06,0,0,0,0,0,0,0,0,0,0,0,0,0,0,0,0,0,0,0,0,0,0,0,0,0,0,0,0,0,0,0,0.00559571,0.00997543,0.0131647,0.0267359,0.00306772,0.0262488,0.0201641,0.0107905,0.0115312,0.0131924,0.0193966,0.0311254,0.0239979,0.0320484,-0,0,0.0901574,0,
322,-0.890118,-1.39143e-05,-1.1614e-06,-84.9303,0.00012301,7.84188e-06,-0.999783,0.0208222,2.29126e-06,0,0,0,0,0,0,0,0,0,0,0,0,0,0,0,0,0,0,0,0,0,0,0,0,0,0,0,0,0,0,0,0.011762,0.0246382,0.00363983,0.0294307,0.0192163,0.0322619,0.0165284,0.0171681,0.0114399,0.00694642,0.0504419,0.00136279,0.0132751,0.044353,0.049646,0.0354025,0.0451611,0,
323,-0.872665,-1.39143e-05,-1.1614e-06,-84.9303,0.00012301,7.84188e-06,-0.999783,0.0208222,2.11085e-06,0,0,0,0,0,0,0,0,0,0,0,0,0,0,0,0,0,0,0,0,0,0,0,0,0,0,0,0,0,0,0,0.000991279,0.0108723,0.00971643,0.014697,0.0336876,0.0134904,0.0148831,0.0592917,0.0413107,0.0120971,0.0354655,0.021757,0.0211634,0.0256247,0.0601852,0.0598444,0.0325101,0,
