frame,angle_head,position_x,position_y,position_z,orientation_x,orientation_y,orientation_z,orientation_w,raw
0,-1.5708,0,0,0,0,0,0,0,1.92217e-06,0,0,0,0,0,0,0,0,0,0,0,0,0,0,0,0,0,0,0,0,0,0,0,0,0,-0,0,0,0,0,0,0,0,0,0,0,0,0,0,0,0,0,0,0,0,0,0,0,0,0,0,0,0,0,0,0,0,0,0,0,0,0,0,0,0,0,0,0,0,0,0,0,0,0,0,0,0,0,0,0,0,0,0,0,0,0,0,0,0,0,0,0,0,0,0,0,0,0,0,
1,-1.55334,30,-1.10722e-06,-85.9303,-5.58578e-06,0.000221876,-3.3572e-07,1,3.68563e-06,0,0,0,0,0,0,0,0,0,0,0,0,0,0,0,0,0,0,0,0,0,0,0,0,0,0,0,0,0,0,0,0,0,0,0,0,0,0,0,0,0,0,0,0,0,0,0,0,0,0,0,0,0,0,0,0,0,0,0,0,0,0,0,0,0,0,0,0,0,0,0,0,0,0,0,0,0.000166907,8.21782e-05,0.000171281,0.000132997,5.993e-05,4.95483e-05,4.22962e-05,5.42364e-05,7.16101e-05,4.21285e-05,4.9815e-05,5.30948e-05,5.10439e-05,4.78377e-05,3.96661e-05,3.88477e-05,7.95013e-05,3.66676e-05,4.23544e-05,3.37901e-05,4.53677e-05,4.32679e-05,0,
2,-1.53589,30,-1.10722e-06,-85.9303,-5.58577e-06,0.000221876,-3.35715e-07,1,4.34521e-06,0,0,0,0,0,0,0,0,0,0,0,0,0,0,0,0,0,0,0,0,0,0,0,0,0,0,0,0,0,0,0,0,0,0,0,0,0,0,0,0,0,0,0,0,0,0,0,0,0,0,0,0,0,0,0,0,0,0,0,0,0,0,0,0,0,0,0,0,0,0,0,0,0,0,0,0,0.000261164,0.000190056,0.000249,0.000230621,0.000230519,0.000213151,0.000128354,6.51906e-05,0,0,5.62313e-05,3.33343e-05,1.59439e-05,2.05298e-05,2.41864e-05,1.3956e-05,6.8933e-05,8.08616e-05,5.84216e-05,7.80976e-05,3.87363e-05,3.1432e-05,0,
3,-1.51844,30,-1.10722e-06,-85.9303,-5.58578e-06,0.000221876,-3.35705e-07,1,2.43026e-06,0,0,0,0,0,0,0,0,0,0,0,0,0,0,0,0,0,0,0,0,0,0,0,0,0,0,0,0,0,0,0,0,0,0,0,0,0,0,0,0,0,0,0,0,0,0,0,0,0,0,0,0,0,0,0,0,0,0,0,0,0,0,0,0,0,0,0,0,0,0,0,0,0,0,0,0,0.000218482,0.000377528,0.000287785,0.000536115,0.000388653,0.000165762,6.96055e-05,0,0,0,0,0,0,0,3.33089e-06,2.56862e-05,1.17829e-05,2.52718e-05,6.28289e-05,6.06273e-05,4.40931e-05,2.61168e-05,0,
4,-1.50098,30,-1.10721e-06,-85.9303,-5.5858e-06,0.000221876,-3.35767e-07,1,2.78227e-06,0,0,0,0,0,0,0,0,0,0,0,0,0,0,0,0,0,0,0,0,0,0,0,0,0,0,0,0,0,0,0,0,0,0,0,0,0,0,0,0,0,0,0,0,0,0,0,0,0,0,0,0,0,0,0,0,0,0,0,0,0,0,0,0,0,0,0,0,0,0,0,0,0,0,0,0,0.000961586,0.00127233,0.000801575,0.000343663,0.000255847,0.000161878,7.61052e-05,0,0,0,0,0,0,0,0,0,0,0,5.72731e-05,7.80322e-05,5.53904e-05,3.9155e-05,0,
5,-1.48353,30,-1.10721e-06,-85.9303,-5.58579e-06,0.000221876,-3.35778e-07,1,3.2272e-06,0,0,0,0,0,0,0,0,0,0,0,0,0,0,0,0,0,0,0,0,0,0,0,0,0,0,0,0,0,0,0,0,0,0,0,0,0,0,0,0,0,0,0,0,0,0,0,0,0,0,0,0,0,0,0,0,0,0,0,0,0,0,0,0,0,0,0,0,0,0,0,0,0,0,0,0,0.000990814,0.00279761,0.00163505,0.000248305,0.000178266,0.00014812,5.91947e-05,0,0,0,0,0,0,0,0,0,0,0,0,0,0,0,0,
6,-1.46608,30,-1.10722e-06,-85.9303,-5.58578e-06,0.000221876,-3.35774e-07,1,9.05406e-07,0,0,0,0,0,0,0,0,0,0,0,0,0,0,0,0,0,0,0,0,0,0,0,0,0,0,0,0,0,0,0,0,0,0,0,0,0,0,0,0,0,0,0,0,0,0,0,0,0,0,0,0,0,0,0,0,0,0,0,0,0,0,0,0,0,0,0,0,0,0,0,0,0,0,0,0,0.00196715,0.00243956,0.00117469,0.000550397,0.000209418,8.27849e-05,3.23506e-05,0,0,0,0,0,0,0,0,0,0,0,0,0,0,0,0,
7,-1.44862,30,-1.10722e-06,-85.9303,-5.58578e-06,0.000221876,-3.35796e-07,1,6.40368e-07,0,0,0,0,0,0,0,0,0,0,0,0,0,0,0,0,0,0,0,0,0,0,0,0,0,0,0,0,0,0,0,0,0,0,0,0,0,0,0,0,0,0,0,0,0,0,0,0,0,0,0,0,0,0,0,0,0,0,0,0,0,0,0,0,0,0,0,0,0,0,0,0,0,0,0,0.00400934,0.00443781,0.000427419,0.00109947,0.000430915,0.000411665,0.000183956,3.78951e-05,0,0,0,0,0,0,0,0,0,0,0,0,0,0,0,0,
8,-1.43117,30,-1.10722e-06,-85.9303,-5.58578e-06,0.000221877,-3.35814e-07,1,2.73755e-06,0,0,0,0,0,0,0,0,0,0,0,0,0,0,0,0,0,0,0,0,0,0,0,0,0,0,0,0,0,0,0,0,0,0,0,0,0,0,0,0,0,0,0,0,0,0,0,0,0,0,0,0,0,0,0,0,0,0,0,0,0,0,0,0,0,0,0,0,0,0,0,0,0,0,0.0105415,0.0072886,0.0116081,0.00110139,0.000354389,0.000503146,0.000311028,0.000106077,3.03466e-05,0,0,0,0,0,0,0,0,0,0,0,0,0,0,0,0,
9,-1.41372,30,-1.10721e-06,-85.9303,-5.58579e-06,0.000221876,-3.35811e-07,1,3.02004e-06,0,0,0,0,0,0,0,0,0,0,0,0,0,0,0,0,0,0,0,0,0,0,0,0,0,0,0,0,0,0,0,0,0,0,0,0,0,0,0,0,0,0,0,0,0,0,0,0,0,0,0,0,0,0,0,0,0,0,0,0,0,0,0,0,0,0,0,0,0,0,0,0,0,0.00455775,0.00927641,0.0217371,0.00943236,0.00151756,0.00327107,0.00231831,0.000352193,0.000125446,2.04764e-05,0,0,0,0,0,0,0,0,0,0,0,0,0,0,0,0,
10,-1.39626,30,-1.10722e-06,-85.9303,-5.58579e-06,0.000221876,-3.35835e-07,1,2.84264e-06,0,0,0,0,0,0,0,0,0,0,0,0,0,0,0,0,0,0,0,0,0,-0,0,0,0,0,0,0,0,0,0,0,0,0,0,0,0,0,0,0,0,0,0,0,0,0,0,0,0,0,0,0,0,0,0,0,0,0,0,0,0,0,0,0,0,0,0,0,0,0,0,0,0,0.00799702,0.0076637,0.0282449,0.0118438,0.0025792,0.00445773,0.000730426,0.000164537,4.78871e-05,1.46927e-05,0,0,0,0,0,0,0,0,0,0,0,0,0,0,0,0,
11,-1.37881,30,-1.1072e-06,-85.9303,-5.5858e-06,0.000221876,-3.35893e-07,1,2.93955e-06,0,0,0,0,0,0,0,0,0,0,0,0,0,0,0,0,0,0,0,0,0,0,0,0,0,0,0,0,0,0,0,0,0,0,0,0,0,0,0,0,0,0,0,0,0,0,0,0,0,0,0,0,0,0,0,0,0,0,0,0,0,0,0,0,0,0,0,0,0,0,0,0,0.0115997,0.0186984,0.0291482,0.0455583,0.0261233,0.00284022,0.00554397,0.000699457,0.00015517,6.98289e-06,2.15774e-06,0,0,0,0,0,0,0,0,0,0,0,0,0,0,0,0,
12,-1.36136,30,-1.10721e-06,-85.9303,-5.58579e-06,0.000221876,-3.35876e-07,1,3.30147e-06,0,0,0,0,0,0,0,0,0,0,0,0,0,0,0,0,0,0,0,0,0,0,0,0,0,0,0,0,0,0,0,0,0,0,0,0,0,0,0,0,0,0,0,0,0,0,0,0,0,0,0,0,0,0,0,0,0,0,0,0,0,0,0,0,0,0,0,0,0,0,0,0.0183519,0.0136662,0.0332789,0.0261399,0.0786299,0.0675742,0.00931456,0.00466575,0.00105853,0.000142846,4.17786e-05,8.3561e-06,3.58415e-06,0,0,0,0,0,0,0,0,0,0,0,0,0,0,0,
13,-1.3439,30,-1.10722e-06,-85.9303,-5.58576e-06,0.000221876,-3.3585e-07,1,2.53398e-06,0,0,0,0,0,0,0,0,0,0,0,0,0,0,0,0,0,0,0,0,0,0,0,0,0,0,0,0,0,0,0,0,0,0,0,0,0,0,0,0,0,0,0,0,0,0,0,0,0,0,0,0,0,0,0,0,0,0,0,0,0,0,0,0,0,0,0,0,0,0,0,0.00809339,0.0221283,0.0429251,0.0637669,0.0791588,0.022616,0.0282103,0.0050847,0.000968311,0.000465005,6.64078e-05,1.25681e-05,4.92053e-06,0,0,0,0,0,0,0,0,0,0,0,0,0,0,0,
14,-1.32645,30,-1.10721e-06,-85.9303,-5.5858e-06,0.000221876,-3.3585e-07,1,2.15675e-07,0,0,0,0,0,0,0,0,0,0,0,0,0,0,0,0,0,0,0,0,0,0,0,0,0,0,0,0,0,0,0,0,0,0,0,0,0,0,0,0,0,0,0,0,0,0,0,0,0,0,0,0,0,0,0,0,0,0,0,0,0,0,0,0,0,0,0,0,0,0,0.0148477,0.016134,0.0483783,0.0507741,0.0431687,0.0607536,0.0507818,0.0201156,0.00615076,0.0030993,0.000431107,0.000159597,1.93568e-05,5.16442e-06,0,0,0,0,0,0,0,0,0,0,0,0,0,0,0,
15,-1.309,30,-1.10721e-06,-85.9303,-5.58579e-06,0.000221876,-3.35837e-07,1,3.58745e-06,0,0,0,0,0,0,0,0,0,0,0,0,0,0,0,0,0,0,0,0,0,0,0,0,0,0,0,0,0,0,0,0,0,0,0,0,0,0,0,0,0,0,0,0,0,0,0,0,0,0,0,0,0,0,0,0,0,0,0,0,0,0,0,0,0,0,0,0,0,-0,0,0.0208223,0.0147881,0.048368,0.0623681,0.0618818,0.0259798,0.0146246,0.00616404,0.00234604,0.000817674,6.86426e-05,5.31137e-05,3.88659e-06,3.49099e-06,0,0,0,0,0,0,0,0,0,0,0,0,0,0,
16,-1.29154,30,-1.10721e-06,-85.9303,-5.58579e-06,0.000221876,-3.35848e-07,1,2.91247e-06,0,0,0,0,0,0,0,0,0,0,0,0,0,0,0,0,0,0,0,0,0,0,0,0,0,0,0,0,0,0,0,0,0,0,0,0,0,0,0,0,0,0,0,0,0,0,0,0,0,0,0,0,0,0,0,0,0,0,0,0,0,0,0,0,0,0,0,0,0,0,0,0.0175052,0.0335014,0.0501459,0.024153,0.0331789,0.0108591,0.0119441,0.00409483,0.00150105,0.000377267,0.000138766,4.44176e-05,6.41249e-06,5.37941e-06,0,0,0,0,0,0,0,0,0,0,0,0,0,0,
17,-1.27409,30,-1.10721e-06,-85.9303,-5.58579e-06,0.000221876,-3.35832e-07,1,3.83195e-06,0,0,0,0,0,0,0,0,0,0,0,0,0,0,0,0,0,0,0,0,0,0,0,0,0,0,0,0,0,0,0,0,0,0,0,0,0,0,0,0,0,0,0,0,0,0,0,0,0,0,0,0,0,0,0,0,0,0,0,0,0,0,0,0,0,0,0,0,0,0,0,0.0130127,0.0107667,0.0457512,0.0183298,0.018531,0.00908022,0.00675427,0.00110369,0.00088169,0.000131842,5.06768e-05,1.9115e-05,1.18453e-05,4.61816e-06,2.25115e-06,1.19238e-06,8.60499e-06,0,0,0,0,0,0,0,0,0,0,0,
18,-1.25664,30,-1.10722e-06,-85.9303,-5.58576e-06,0.000221876,-3.3566e-07,1,3.45518e-06,0,0,0,0,0,0,0,0,0,0,0,0,0,0,0,0,0,0,0,0,0,0,0,0,0,0,0,0,0,0,0,0,0,0,0,0,0,0,0,0,0,0,0,0,0,0,0,0,0,0,0,0,0,0,0,0,0,0,0,0,0,0,0,0,0,0,0,0,0,0,0,0,0.0450532,0.0215086,0.0262388,0.0079894,0.00712426,0.00158187,0.00203193,0.000570652,0.000379454,0.000141905,1.48239e-05,2.5165e-05,4.12437e-06,0,6.47828e-06,8.69436e-06,1.86127e-05,7.08392e-06,1.88448e-05,0,0,0,0,0,0,0,0,
19,-1.23918,30,-1.10722e-06,-85.9303,-5.58578e-06,0.000221876,-3.35669e-07,1,2.57291e-06,0,0,-0,0,0,0,0,0,0,0,0,0,0,0,0,-0,0,0,0,0,0,0,0,0,0,0,0,0,0,0,0,0,0,0,0,0,0,0,0,0,0,0,0,0,0,0,0,0,0,0,0,0,0,0,0,0,0,0,0,0,0,0,0,0,0,0,0,0,0,0,0,0,0.0154031,0.0109564,0.00750509,0.007107,0.00533565,0.00191318,0.00469773,0.000266643,0.000591391,0.000122714,5.15215e-05,2.0782e-05,0,0,0,1.69229e-05,7.39217e-06,3.0727e-05,5.06401e-06,4.24576e-05,2.19721e-05,5.91666e-05,6.94371e-05,2.87942e-05,1.17115e-05,4.93113e-06,0,
20,-1.22173,30,-1.10721e-06,-85.9303,-5.58578e-06,0.000221876,-3.35676e-07,1,2.00404e-06,0,0,0,0,0,0,0,0,0,0,0,0,0,0,0,0,0,0,0,0,0,0,0,0,0,0,0,0,0,0,0,0,0,0,0,0,0,0,0,0,0,0,0,0,0,0,0,0,0,0,0,0,0,0,0,0,0,0,0,0,0,0,0,0,0,0,0,0,0,0,0,0,0.0119181,0.00513532,0.00934213,0.0120494,0.00183286,0.00169848,0.00270585,0.000702287,0.000659631,0.00022227,7.62903e-05,0,0,0,0,0,3.40851e-05,5.36786e-05,8.14704e-05,4.28674e-05,0.000111622,0.000111459,5.40847e-05,1.64654e-05,6.08337e-06,1.97631e-06,0,
21,-1.20428,30,-1.10723e-06,-85.9303,-5.58578e-06,0.000221876,-3.35687e-07,1,2.69664e-06,0,0,0,0,0,0,0,0,0,0,0,0,0,0,0,0,0,0,0,0,0,0,0,0,0,0,0,0,0,0,0,0,0,0,0,0,0,0,0,0,0,0,0,0,0,0,0,0,0,0,0,0,0,0,0,0,0,0,0,0,0,0,0,0,0,0,0,0,0,0,0,0,0,0.0104654,0.0108977,0.00671616,0.00100883,0.00344479,0.00314289,0.0021624,0.000356842,0.000331552,0.000141749,0,0,0,0,0,0,0.000244495,0.000111907,0.000190459,9.81964e-05,6.72671e-05,5.38229e-05,2.07565e-05,1.14106e-05,2.49459e-06,0,
22,-1.18682,30,-1.10723e-06,-85.9303,-5.58578e-06,0.000221876,-3.35708e-07,1,1.51769e-06,0,0,0,0,0,0,0,0,0,0,0,0,0,0,0,0,0,0,0,0,0,0,0,0,0,0,0,0,0,0,0,0,0,0,0,0,0,0,0,0,0,0,0,0,0,0,0,0,0,0,0,0,0,0,0,0,0,0,0,0,0,0,0,0,0,0,0,0,0,0,0,0,0.0224116,0.026933,0.00783749,0.00526688,0.00498094,0.00116482,0.00139077,0.00142914,0.00125518,0.000273954,0,0,0,0,0.000367042,0.000202031,0.000196084,0.000267372,0.000188406,0.000184852,0.000162227,8.36396e-05,2.99845e-05,9.18672e-06,6.87496e-06,1.08898e-05,0,
23,-1.16937,30,-1.10722e-06,-85.9303,-5.58578e-06,0.000221876,-3.35726e-07,1,3.33641e-06,0,0,0,0,0,0,0,0,0,0,0,0,0,0,0,0,0,0,0,0,0,0,0,0,0,0,0,0,0,0,0,0,0,0,0,0,0,0,0,0,0,0,0,0,0,0,0,0,0,0,0,0,0,0,0,0,0,0,0,0,0,0,0,0,0,0,0,0,0,0,0,0,0.0346156,0.0147372,0.0135059,0.023293,0.00448745,0.0024114,0.00322367,0.00166345,0.00126122,0.000996497,0.000879102,0.000431673,0.00027735,0.000340581,0.000243693,0.000262908,0.000190106,0.000133984,0.000142417,0.000149379,0.000188868,6.56516e-05,9.24119e-06,8.30494e-06,2.02995e-06,6.60117e-06,0,
24,-1.15192,30,-1.10722e-06,-85.9303,-5.58578e-06,0.000221876,-3.35752e-07,1,2.62145e-06,0,0,0,0,0,0,0,0,0,0,0,0,0,0,0,0,0,0,0,0,0,0,0,0,0,0,0,0,0,0,0,0,0,0,0,0,0,0,0,0,0,0,0,0,0,0,0,0,0,0,0,0,0,0,0,0,0,0,0,0,0,0,0,0,0,0,0,0,0,0,0,0,0.0300975,0.0406979,0.012493,0.0320862,0.00990831,0.0102743,0.00594307,0.00244773,0.00126015,0.000628502,0.000314997,0.000575076,0.000607612,0.000432215,0.000130173,0.000367835,3.25545e-05,5.24477e-05,0.00018598,0.000237878,0.000102098,6.02763e-05,1.32337e-05,8.91635e-06,4.60006e-06,4.80941e-06,0,
25,-1.13446,30,-1.10721e-06,-85.9303,-5.58579e-06,0.000221876,-3.35764e-07,1,3.02466e-06,0,0,0,0,0,0,0,0,0,0,0,0,0,0,0,0,0,0,0,0,0,0,0,0,0,0,0,0,0,0,0,0,0,0,0,0,0,0,0,0,0,0,0,0,0,0,0,0,0,0,0,0,0,0,0,0,0,0,0,0,0,0,0,0,0,0,0,0,0,0,0,0.032342,0.0272282,0.045022,0.0382669,0.0284515,0.014341,0.00898409,0.00248367,0.00093295,0.000466484,0.000454758,0.000162295,0.000309789,0.000642395,0.000419651,0.000379774,0.000267428,0.000366809,6.52484e-05,0.000121682,0.000100348,6.15991e-05,2.41104e-05,1.11928e-05,5.05699e-06,2.87707e-06,6.76771e-06,0,
26,-1.11701,30,-1.10722e-06,-85.9303,-5.58578e-06,0.000221876,-3.35755e-07,1,1.52983e-06,0,0,0,0,0,0,0,0,0,0,0,0,0,0,0,0,0,0,0,0,0,0,0,0,0,0,0,0,0,0,0,0,0,0,0,0,0,0,0,0,0,0,0,0,0,0,0,0,0,0,0,0,0,0,0,0,0,0,0,0,0,0,0,0,0,0,0,0,0,0,0,0.0337157,0.0153913,0.0412422,0.0442599,0.0289472,0.00927154,0.0049462,0.00108751,0.000949633,0.000339149,0.00028752,0.000166443,0.000213021,0.000302797,0.00030057,0.00026646,0.000173188,0.000192057,0.000381765,0.000299798,0.000110191,2.94238e-05,4.11834e-06,4.63758e-06,5.43816e-06,2.4461e-06,5.16956e-06,0,
27,-1.09956,30,-1.10722e-06,-85.9303,-5.58577e-06,0.000221876,-3.35707e-07,1,1.65821e-06,0,0,0,0,0,0,0,0,0,0,0,0,0,0,0,0,0,0,0,0,0,0,0,0,0,0,0,0,0,0,0,0,0,0,0,0,0,0,0,0,0,0,0,0,0,0,0,0,0,0,0,0,0,0,0,0,0,0,0,0,0,0,0,0,0,0,0,0,0,0,0,0.0321575,0.0324602,0.0664133,0.0135162,0.0185069,0.00498764,0.00480485,0.00181734,0.00074044,0.000643405,0.00039851,0.000188442,0.00023665,0.000162683,0.000164824,3.80971e-05,7.93936e-05,0.000113803,7.82495e-05,0.000110154,4.56899e-05,0,1.4767e-05,5.78359e-06,3.32096e-06,5.72954e-06,7.50431e-06,0,
28,-1.0821,30,-1.10721e-06,-85.9303,-5.58578e-06,0.000221876,-3.35692e-07,1,2.5465e-06,0,0,0,0,0,0,0,0,0,0,0,0,0,0,0,0,0,0,0,0,0,0,0,0,0,0,0,0,0,0,0,0,0,0,0,0,0,0,0,0,0,0,0,0,0,0,0,0,0,0,0,0,0,0,0,0,0,0,0,0,0,0,-0,0,0,0,0,0,0,0,0.0405876,0.00494766,0.037731,0.064454,0.0342132,0.00745642,0.00541732,0.00179556,0.000602646,0.000468609,0.000464718,0.000310755,0.000247755,8.21657e-05,4.93167e-05,5.67519e-05,3.90579e-05,4.56535e-05,4.11637e-05,4.27289e-05,1.80745e-05,1.5558e-05,1.21077e-05,0,0,0,0,0,0,
29,-1.06465,30,-1.10721e-06,-85.9303,-5.58578e-06,0.000221876,-3.35748e-07,1,2.83168e-06,0,0,0,0,0,0,0,0,0,0,0,0,0,0,0,0,0,0,0,0,0,0,0,0,0,0,0,0,0,0,0,0,0,0,0,0,-0,0,0,0,0,0,0,0,0,0,0,0,0,0,0,0,0,0,0,0,0,0,0,0,0,0,0,0,0,0,0,0,0,0.0123138,0.027551,0.0418278,0.0375572,0.0705671,0.00472338,0.00845877,0.00454367,0.00091935,0.00081139,0.000419117,0.00012753,0.00020924,7.61738e-05,8.11664e-05,5.68558e-05,7.71986e-05,2.83845e-05,7.20156e-06,1.0832e-05,7.08757e-06,8.95473e-06,5.91857e-06,3.69944e-06,5.50525e-06,0,0,0,0,0,
30,-1.0472,30,-1.10721e-06,-85.9303,-5.58579e-06,0.000221876,-3.35759e-07,1,3.58343e-06,0,0,0,0,-0,0,0,0,0,0,0,0,0,0,0,0,0,0,0,0,0,0,0,0,0,0,0,0,0,0,0,0,0,0,0,0,0,0,0,0,0,0,0,0,0,0,0,0,0,0,0,0,0,0,0,0,0,0,0,0,0,0,0,0,0,0,0,0,0.0260962,0.0267624,0.0339082,0.0399076,0.102183,0.0169295,0.0169372,0.00807606,0.00170282,0.000648012,0.000675038,0.000472782,0.000225588,0,0,0.00024053,0.000181611,6.16723e-05,3.68757e-05,2.07637e-05,1.34657e-05,2.73913e-06,4.34458e-06,2.03679e-06,3.78121e-06,1.33952e-05,0,0,0,0,0,
31,-1.02974,30,-1.10721e-06,-85.9303,-5.58579e-06,0.000221876,-3.35761e-07,1,3.10191e-06,0,0,0,0,0,0,0,0,0,0,0,0,0,0,0,0,0,0,0,0,0,0,0,0,0,0,0,0,0,0,0,0,0,0,0,0,0,0,0,0,-0,0,0,0,0,0,0,0,0,0,0,0,0,0,0,0,0,0,0,0,0,0,0,0,0,0,0,0,0.0200972,0.0266587,0.0570861,0.0543749,0.0818257,0.0210028,0.007404,0.00244196,0.00128394,0.000759604,0.00063626,0,0,0,0,0.000194394,0.000176759,0.000193408,9.90935e-05,3.93405e-05,1.0462e-05,8.81337e-06,5.69778e-07,1.4456e-06,5.60189e-06,9.41874e-06,0,0,0,0,0,
32,-1.01229,30,-1.10719e-06,-85.9303,-5.5858e-06,0.000221876,-3.3575e-07,1,3.34814e-06,0,0,0,0,0,0,0,0,0,0,0,0,0,0,0,0,0,0,0,0,0,0,0,0,0,0,0,0,0,0,0,0,0,0,0,0,0,0,0,0,0,0,0,0,0,0,0,0,0,0,0,0,0,0,0,0,0,0,0,0,0,0,0,0,0,0,0,0,0.0285419,0.0380342,0.0431614,0.103924,0.0360583,0.0146637,0.00726776,0.00378911,0.00154907,0.000288479,0,0,0,0,0.000306947,0.000160279,0.000192756,9.12591e-05,0.000104702,4.5467e-05,5.74884e-05,2.72329e-05,6.77329e-06,0,0,0,0,0,0,0,0,
33,-0.994838,30,-1.10719e-06,-85.9303,-5.58579e-06,0.000221876,-3.35807e-07,1,3.91173e-06,0,0,0,0,0,0,0,0,0,0,0,0,0,0,0,0,0,0,0,0,0,0,0,0,0,0,0,0,0,0,0,0,0,0,0,0,0,0,0,0,0,0,0,0,0,0,0,0,0,0,0,0,0,0,0,0,-0,0,0,0,0,0,0,0,0,0,0,0,0.0154959,0.0207094,0.0835108,0.053253,0.0366378,0.0220819,0.0014644,0.00554205,0.00261326,0.00132412,0.000508049,0,0,0,6.51905e-05,0.000241374,0.000183421,0.000131297,0.000151392,5.55746e-05,0,0,0,0,0,0,0,0,0,0,0,
34,-0.977384,30,-1.10719e-06,-85.9303,-5.58578e-06,0.000221876,-3.35809e-07,1,1.56517e-06,0,0,0,0,0,0,0,0,0,0,0,0,0,0,0,0,0,0,0,0,0,0,0,0,0,0,0,0,0,0,0,0,0,0,0,0,0,0,0,0,0,0,0,0,0,0,0,0,0,0,0,0,0,0,0,0,0,0,0,0,0,0,0,0,0,0,0,0,0.034212,0.0353891,0.089103,0.0497148,0.0191272,0.00146064,0.00880568,0.00529663,0.00235906,0.00213397,0.00100852,0.000888532,0,0.00020743,0.000228968,0.000181493,9.8692e-05,0.000124624,5.6456e-05,7.79345e-05,7.34794e-05,9.78605e-05,0,0,0,0,0,0,0,0,0,
35,-0.959931,30,-1.1072e-06,-85.9303,-5.58578e-06,0.000221876,-3.35808e-07,1,2.90992e-06,0,0,0,0,0,0,0,0,0,0,0,0,0,0,0,0,0,0,0,0,0,0,0,0,0,0,0,0,0,0,0,0,0,0,0,0,0,0,0,0,0,0,0,0,0,0,0,0,0,0,0,0,0,0,0,0,0,0,0,0,0,0,0,0,0,0,0,0.01488,0.0427466,0.0457,0.0328364,0.0484067,0.018526,0.0138197,0.015898,0.0129984,0.00797071,0.00195956,0.00043963,0.000285369,0.000387348,0.000243953,0.000355666,0.000146867,8.59133e-05,0.000132832,0.000133142,6.73776e-05,7.29593e-05,4.65783e-05,7.64565e-06,0,0,0,0,6.56525e-06,6.04834e-06,4.51082e-06,0,
36,-0.942478,30,-1.10719e-06,-85.9303,-5.5858e-06,0.000221877,-3.35796e-07,1,2.08062e-06,0,0,0,0,0,0,0,0,0,0,0,0,0,0,0,0,0,0,0,0,0,0,0,0,0,0,0,0,0,0,0,0,0,0,0,0,0,0,0,0,0,0,0,0,0,0,0,0,0,0,0,0,0,0,0,0,0,0,0,0,0,0,0,0,0,0,0,0.0279141,0.0321811,0.0421035,0.0588715,0.0289821,0.0222199,0.0162209,0.011208,0.0053851,0.00285128,0.00231823,0.00103775,0.000505087,0.000244866,0.000169398,0.00032244,0.000267328,0.000142478,4.17761e-05,5.91324e-05,1.58941e-05,9.37788e-06,3.2529e-05,4.62192e-05,2.44303e-05,0,1.66553e-05,1.14425e-05,1.21204e-05,6.86125e-06,9.44891e-06,0,
37,-0.925025,30,-1.1072e-06,-85.9303,-5.58579e-06,0.000221876,-3.35806e-07,1,1.04669e-06,0,0,0,0,0,0,0,0,0,0,0,0,0,0,0,0,0,0,0,0,0,0,0,0,0,0,0,0,0,0,0,0,0,0,0,0,0,0,0,0,0,0,0,0,0,0,0,0,0,0,0,0,0,0,0,0,0,0,0,0,0,0,0,0,0,0,0,0.0594666,0.0323648,0.0561853,0.0313497,0.00891704,0.0163955,0.00589159,0.00243381,0.00176592,0.000955708,0.000108796,0.000654022,0.000317677,0.000229197,9.05911e-05,0.000166034,0.000106305,0,0,0,0,0,0,0,0,0,2.42905e-05,1.69742e-05,6.18293e-06,2.57764e-05,3.31801e-05,0,
38,-0.907571,30,-1.10719e-06,-85.9303,-5.5858e-06,0.000221876,-3.35831e-07,1,3.24287e-06,0,0,0,0,0,0,0,0,0,0,0,0,0,0,0,0,0,0,0,0,0,0,0,0,0,0,0,0,0,0,0,0,0,0,0,0,0,0,0,0,0,0,0,0,0,0,0,0,0,0,0,0,0,0,0,0,0,0,0,0,0,0,0,0,0,0,0,0.0188197,0.0340378,0.0240367,0.0251268,0.0152849,0.00964538,0.00417608,0.00187626,0.00175448,0,0.000253632,0.000366416,0.00020204,0.000120625,0.000164299,0.000110193,9.58082e-05,2.95705e-05,0,0,0,0,0,4.06265e-05,5.42498e-05,5.75171e-05,0.000100035,0.000109452,8.80152e-05,3.39892e-05,7.30116e-05,0,
39,-0.890118,30,-1.1072e-06,-85.9303,-5.58578e-06,0.000221876,-3.35827e-07,1,1.65101e-06,0,0,0,0,0,0,0,0,0,0,0,0,0,0,0,0,0,0,0,0,0,0,0,0,0,0,0,0,0,0,0,0,0,0,0,0,0,0,0,0,0,0,0,0,0,0,0,0,0,0,0,0,0,0,0,0,0,0,0,0,0,0,0,0,0,0,0,0.0125922,0.0145486,0.0163726,0.0191425,0.0128247,0.00195148,0.00133613,0.00164329,0.000611096,0.000454901,0.000154492,0.000279799,0.000169515,0.000130926,9.97555e-05,6.44537e-05,4.29896e-05,6.21886e-05,3.41555e-05,0,2.93797e-05,1.99315e-05,8.67631e-05,4.71291e-05,5.61163e-05,0.000110493,0.000206375,0.000161902,0.000342341,0.000260767,0.000180593,0,
40,-0.872665,30,-1.1072e-06,-85.9303,-5.58579e-06,0.000221876,-3.35802e-07,1,2.69937e-06,0,0,0,0,0,0,0,0,0,0,0,0,0,0,0,0,0,0,0,0,0,0,0,0,0,0,0,0,0,0,0,0,0,0,0,0,0,0,0,0,0,0,0,0,0,0,0,0,0,0,0,0,0,0,0,0,0,0,0,0,0,0,0,0,0,0,0,0.0168534,0.0167059,0.0198349,0.0177816,0.00581116,0.00334942,0.00124791,0.000475318,0.000284855,0.000568952,0.000181821,0.000139966,0.000247977,0.000119696,5.36868e-05,8.12712e-05,2.485e-05,4.95472e-05,3.63357e-05,3.1543e-05,5.28385e-05,7.65205e-05,5.49175e-05,4.60971e-05,0.000156267,0.000317568,0.000263363,0.000385394,0.00074973,0.000436626,0.000426015,0,
41,-0.855211,30,-1.10719e-06,-85.9303,-5.58579e-06,0.000221877,-3.35811e-07,1,3.70986e-06,0,0,0,0,0,0,0,0,0,0,0,0,0,0,0,0,0,0,0,0,0,0,0,0,0,0,0,0,0,0,0,0,0,0,0,0,0,0,0,0,0,0,0,0,0,0,0,0,-0,0,0,0,0,0,0,0,0,0,0,0,0,0,0,0,0,0,0.0103091,0.0123304,0.00422591,0.00410008,0.00899294,0.00597231,0.00199437,0.000789861,0.00104382,0.000713659,0.000669156,0.000270386,0.000175518,0.000236991,0.00018675,0.000119184,9.94744e-05,0.000107808,5.07916e-05,2.63346e-05,0,0,0,8.93644e-05,0.000138531,0.00022301,0.00023138,0.00033082,0.000381431,0.00102096,0.000798363,0.000347408,0,
42,-0.837758,30,-1.1072e-06,-85.9303,-5.58578e-06,0.000221876,-3.35805e-07,1,2.558e-06,0,0,0,0,0,0,0,0,0,0,0,0,0,0,0,0,0,0,0,0,0,0,0,0,0,0,0,0,0,0,0,0,0,0,0,0,0,0,0,0,0,0,0,0,0,0,0,0,0,0,0,0,0,0,0,0,0,0,0,0,0,0,0,0,0.00392563,0.00781294,0.00536514,0.00488865,0.00518622,0.00402807,0.00288768,0.00169075,0.00134706,0.00140432,0.00140508,0.000804716,0.000617394,0.000283229,0.000370568,0.00029833,0.000175401,0.00028861,0.000164319,2.8446e-05,2.62143e-05,8.59425e-06,0,0,0,0,0,0,0,0,0.000469351,0.000733281,0.000836681,0.000697526,0,
43,-0.820305,30,-1.1072e-06,-85.9303,-5.58578e-06,0.000221876,-3.35789e-07,1,2.15963e-06,0,0,0,0,0,0,0,0,0,0,0,0,0,0,0,0,0,0,0,0,0,0,0,0,0,0,0,0,0,0,0,0,0,0,0,0,0,0,0,0,0,0,0,0,0,0,0,0,0,0,0,0,0,0,0,0,0,0,0,0,0,0,0,0.0038107,0.00358054,0.00456777,0.00497549,0.0068437,0.00588174,0.00712622,0.00301519,0.00189535,0.00227451,0.00206973,0.00168388,0.00107348,0.00124326,0.000667291,0.000947005,0.00069345,0.000368856,0.000454642,5.8753e-05,5.11319e-05,6.4469e-05,1.7971e-05,0,0,0,0,0,0,0,0,0.000452498,0.00129777,0.00138982,0.000706601,0,
44,-0.802851,30,-1.1072e-06,-85.9303,-5.58578e-06,0.000221876,-3.35779e-07,1,2.51707e-06,0,0,0,0,0,0,0,0,0,0,0,0,0,0,0,0,0,0,0,0,0,0,0,0,0,0,0,0,0,0,0,0,0,0,0,0,0,0,0,0,0,0,0,0,0,0,0,0,0,0,0,0,0,0,0,0,0,0,0,0,0,0,0.00596054,0.0114118,0.00490956,0.00546748,0.00918619,0.00303503,0.00572531,0.00253657,0.00185214,0.0014377,0.00163401,0.000817453,0.000737426,0.000984276,0.000425798,0.000726859,8.34263e-05,0.000179423,0.000499688,0.000426786,0.000164729,0.000106012,4.1773e-05,1.54196e-05,0,0,0,0,0,0,0,0.000341068,0.000444504,0.00071374,0.000703619,0.000986583,0,
45,-0.785398,30,-1.10721e-06,-85.9303,-5.58578e-06,0.000221876,-3.35717e-07,1,3.13756e-06,0,0,0,0,0,0,0,0,0,0,0,0,0,0,0,0,0,0,0,0,0,0,0,0,0,0,0,0,0,0,0,0,0,0,0,0,0,0,0,0,0,0,0,0,0,0,0,0,0,0,0,0,0,0.0810864,0.0446029,0.0206087,0.0496558,0,0,0,0,0,0.0080768,0.00692558,0.0230956,0.0147459,0.0109531,0.0109877,0,0.0029164,0.000395113,0.000787401,0.000636041,0.00045654,0.00039671,0.000506342,0.000356392,0.000385891,0.00026924,0.000298439,0,0,9.49605e-05,6.07832e-05,1.65335e-05,1.41551e-05,0,0,0,0,0,0,0,0.000226789,0.00028852,0.00112111,0.00102315,0.000614714,0,
46,-0.767945,30,-1.1072e-06,-85.9303,-5.58579e-06,0.000221876,-3.35678e-07,1,0,0,0,0,0,0,0,0,0,0,0,0,0,0,0,0,0,0,0,0,0,0,0,0,0,0,0,0,0,0,0,0,0,0,0,0,0,0,0,0,0,0,0,0,0,0,0,0,0,-0,0,0,0,0.0755668,0.0538534,0.0551454,0.0640754,0,0,0,0,0,0,0,0,0,0,0,0,0,0,0,0,0,0,0,0,0,0,0,0,0,0,0,0,0,0,0,0,0,0,0,0,0,0,0,0,0,0,0,
47,-0.750492,30,-1.1072e-06,-85.9303,-5.58579e-06,0.000221876,-3.3567e-07,1,0,0,0,0,0,0,-0,0,0,0,0,0,0,0,0,0,0,0,0,0,0,0,0,0,0,0,0,0,0,0,0,0,0,0,0,0,0,0,0,0,0,0,0,0,0,0,0,0,0,0,0,0,0.0728401,0.0595379,0.0608045,0.0481804,0,0,0,0,0,0,0,0,0,0,0,0,0,0,0,0,0,0,0,0,0,0,0,0,0,0,0,0,0,0,0,0,0,0,0,0,0,0,0,0,0,0,0,0,
48,-0.733038,30,-1.10721e-06,-85.9303,-5.58579e-06,0.000221876,-3.35682e-07,1,0,0,0,0,0,0,0,0,0,0,0,0,0,0,0,0,0,0,0,0,0,0,0,0,0,0,0,0,0,0,0,0,0,0,0,0,0,0,0,0,0,0,0,0,0,0,0,0,0,0,0,0.0686175,0.100948,0.0996297,0.0636366,0,0,0,0,0,0,0,0,0,0,0,0,0,0,0,0,0,0,0,0,0,0,-0,0,0,0,0,0,0,0,0,0,0,0,0,0,0,0,0,0,0,0,0,0,0,
49,-0.715585,30,-1.10721e-06,-85.9303,-5.58578e-06,0.000221876,-3.35697e-07,1,0,0,0,0,0,0,0,0,0,0,0,0,0,0,0,0,0,0,0,0,0,0,0,0,0,0,0,0,0,0,0,0,0,0,0,0,0,0,0,0,0,0,0,0,0,0,0,0,0,0,0.144957,0.0772142,0.0871243,0.0556666,0,0,0,0,0,0,0,0,0,0,0,0,0,0,0,0,0,0,0,0,0,0,0,0,0,0,0,0,0,0,0,0,0,0,0,0,0,0,0,0,0,0,0,0,0,0,
50,-0.698132,30,-1.10721e-06,-85.9303,-5.58576e-06,0.000221876,-3.35695e-07,1,-0,0,0,0,0,0,0,0,0,0,0,0,0,0,0,0,0,0,0,0,0,0,0,0,0,0,0,0,0,0,0,0,0,0,0,0,0,0,0,0,0,0,0,0,0,0,0,0,0,0,0.0816472,0.0956288,0.128843,0,0,0,0,0,0,0,0,0,0,0,0,0,0,0,0,0,0,0,0,0,0,0,0,0,0,0,0,0,0,0,0,0,0,0,0,0,0,0,0,0,0,0,0,0,0,0,
51,-0.680678,30,-1.10721e-06,-85.9303,-5.58578e-06,0.000221876,-3.35716e-07,1,0,0,0,0,0,0,0,0,0,0,0,0,0,0,0,0,0,0,0,0,0,0,0,0,0,0,0,0,0,0,0,0,0,0,0,0,0,0,0,0,0,0,0,0,0,0,0,0,0,0.0927812,0.0611177,0.0380018,0,0,0,0,0,0,0,0,0,0,0,0,0,0,0,0,0,0,0,0,0,0,0,0,0,0,0,0,0,0,0,0,0,0,0,0,0,0,0,0,0,0,0,0,0,0,0,0,
52,-0.663225,30,-1.1072e-06,-85.9303,-5.58579e-06,0.000221876,-3.35696e-07,1,0,0,0,0,0,0,0,0,0,0,0,0,0,0,0,0,0,0,0,0,0,0,0,0,0,0,0,0,0,0,0,0,0,0,0,0,0,0,0,0,0,0,0,0,0,0,0,0,0.12334,0.177276,0.163323,0.137581,0,0,0,0,0,0,0,0,0,0,0,0,0,0,0,0,0,0,0,0,0,0,0,0,0,0,0,0,0,0,0,0,0,0,0,0,0,0,0,0,0,0,0,0,0,0,0,0,
53,-0.645772,30,-1.1072e-06,-85.9303,-5.58579e-06,0.000221876,-3.35713e-07,1,0,0,0,0,0,0,0,0,0,0,0,0,0,0,0,0,0,0,0,0,0,0,0,0,0,0,0,0,0,0,0,0,0,0,0,0,0,0,0,0,0,0,0,0,0,0,0,0,0.136292,0.155168,0.170594,0,0,0,0,0,0,0,0,0,0,0,0,0,0,0,0,0,0,0,0,0,0,0,0,0,0,0,0,0,0,0,0,0,0,0,0,0,0,0,0,0,0,0,0,0,0,0,0,0,
54,-0.628319,30,-1.1072e-06,-85.9303,-5.58579e-06,0.000221876,-3.35709e-07,1,0,0,0,0,0,0,0,0,0,0,0,0,0,0,0,0,0,0,0,0,0,0,0,0,0,0,0,0,0,0,0,0,0,0,0,0,0,0,0,0,0,0,0,0,0,0,0,0.16816,0.0329832,0.116618,0,0,0,0,0,0,0,0,0,0,0,0,0,0,0,-0,0,0,0,0,0,0,0,0,0,0,0,0,0,0,0,0,0,0,0,0,0,0,0,0,0,0,0,0,0,0,0,0,0,0,
55,-0.610865,30,-1.1072e-06,-85.9303,-5.58577e-06,0.000221876,-3.35718e-07,1,0,0,0,0,0,0,0,0,0,0,0,0,0,0,0,0,0,0,0,0,0,0,0,0,0,0,0,0,0,0,0,0,0,0,0,0,0,0,0,0,0,0,0,0,0,0,0.160163,0.226129,0.118548,0.177959,0,0,0,0,0,0,0,0,0,0,0,0,0,0,0,0,0,0,0,0,0,0,0,0,0,0,0,0,0,0,0,0,0,0,0,0,0,0,0,0,0,0,0,0,0,0,0,0,0,0,
56,-0.593412,30,-1.10723e-06,-85.9303,-5.58576e-06,0.000221876,-3.35785e-07,1,0,0,0,0,0,0,0,0,0,0,0,0,0,0,0,0,0,0,0,0,0,0,0,0,0,0,0,0,0,0,0,0,0,0,0,0,0,0,0,0,0,0,0,0,0,0,0.278361,0.135435,0.212992,0,0,0,0,0,0,0,0,0,0,0,0,0,0,0,-0,0,0,0,0,0,0,0,0,0,0,0,0,0,0,0,0,0,0,0,0,0,0,0,0,0,0,0,0,0,0,0,0,0,0,0,
57,-0.575959,30,-1.10723e-06,-85.9303,-5.58577e-06,0.000221876,-3.35756e-07,1,0,0,0,0,0,0,0,0,0,0,0,0,0,0,0,0,0,0,0,0,0,0,0,0,0,0,0,0,0,0,0,0,0,0,0,0,0,0,0,0,0,0,0,0,0,0.171967,0.145208,0.12277,0,0,0,0,0,0,0,0,0,0,0,0,0,0,0,0,0,0,0,0,0,0,0,0,0,0,0,0,0,0,0,0,0,0,0,0,0,0,0,0,0,0,0,0,0,0,0,0,0,0,0,0,
58,-0.558505,30,-1.10722e-06,-85.9303,-5.58579e-06,0.000221876,-3.35707e-07,1,0,0,0,0,0,0,0,0,0,0,0,0,0,0,0,0,0,0,0,0,0,0,0,0,0,0,0,0,0,0,0,0,0,0,0,0,0,0,0,0,0,0,0,0,0,0.241252,0.129231,0.146657,0,0,0,0,0,0,0,0,0,0,0,0,0,0,0,0,0,0,0,0,0,0,0,0,0,0,0,0,0,0,0,0,0,0,0,0,0,0,0,0,0,0,0,0,0,0,0,0,0,0,0,0,
59,-0.541052,30,-1.10722e-06,-85.9303,-5.58578e-06,0.000221876,-3.35737e-07,1,0,0,0,0,0,0,0,0,0,0,0,0,0,0,0,0,0,0,0,0,0,0,0,0,0,0,0,0,0,0,0,0,0,0,0,0,0,0,0,0,0,0,0,0,0.14474,0.328925,0.280023,0,0,0,0,0,0,0,0,0,0,0,0,0,0,0,0,0,0,0,0,0,0,0,0,0,0,0,0,0,0,0,0,0,0,0,0,0,0,0,0,0,0,0,0,0,0,0,0,0,0,0,0,0,
60,-0.523599,30,-1.10723e-06,-85.9303,-5.58579e-06,0.000221876,-3.35733e-07,1,0,0,0,0,0,0,0,0,0,0,0,0,0,0,0,0,0,0,0,0,0,0,0,0,0,0,0,0,0,0,0,0,0,0,0,0,0,0,0,0,0,0,0,0,0.342464,0.171857,0.31069,0,0,0,0,0,0,0,0,0,0,0,0,0,0,0,0,0,0,0,0,0,0,0,0,0,0,0,0,0,0,0,0,0,0,0,0,0,0,0,0,0,0,0,0,0,0,0,0,0,0,0,0,0,
61,-0.506145,30,-1.10722e-06,-85.9303,-5.58579e-06,0.000221876,-3.3573e-07,1,0,0,0,0,0,0,0,0,0,0,0,0,0,0,0,0,0,0,0,0,0,0,0,0,0,0,0,0,0,0,0,0,0,0,0,0,0,0,0,0,0,0,0,0.31873,0.148345,0.154837,0,0,0,0,0,0,0,0,0,0,0,0,0,0,0,0,0,0,0,0,-0,0,0,0,0,0,0,0,0,0,0,0,0,0,0,0,0,0,0,0,0,0,0,0,0,0,0,0,0,0,0,0,0,0,
62,-0.488692,30,-1.10723e-06,-85.9303,-5.58576e-06,0.000221876,-3.35751e-07,1,0,0,0,0,0,0,0,0,0,0,0,0,0,0,0,0,0,0,0,0,0,0,0,0,0,0,0,0,0,0,0,0,0,0,0,0,0,0,0,0,0,0,0,0.245742,0.272751,0.0815495,0,0,0,0,0,0,0,0,0,0,0,0,0,0,0,0,0,0,0,0,0,0,0,0,0,0,0,0,0,0,0,0,0,0,0,0,0,0,0,0,0,0,0,0,0,0,0,0,0,0,0,0,0,0,
63,-0.471239,30,-1.10723e-06,-85.9303,-5.58578e-06,0.000221876,-3.35748e-07,1,0,0,0,0,0,0,0,0,0,0,0,0,0,0,0,0,0,0,-0,0,0,0,0,0,0,0,0,0,0,0,0,0,0,0,0,0,0,0,0,0,0,0,0,0.251023,0.180517,0.386354,0,0,0,0,0,0,0,0,0,0,0,0,0,0,0,0,0,0,0,0,0,0,0,0,0,0,0,0,0,0,0,0,0,0,0,0,0,0,0,0,0,0,0,0,0,0,0,0,0,0,0,0,0,0,
64,-0.453786,30,-1.10722e-06,-85.9303,-5.58578e-06,0.000221876,-3.35752e-07,1,0,0,0,0,0,0,0,0,0,0,0,0,0,0,0,0,0,0,0,0,0,0,0,0,0,0,0,0,0,0,0,0,0,0,0,0,0,0,0,0,0,0,0.0448863,0.167185,0.260063,0,0,0,0,0,0,0,0,0,0,0,0,0,0,0,0,0,0,0,0,0,0,0,0,0,0,0,0,0,0,0,0,0,0,0,0,0,0,0,0,0,0,0,0,0,0,0,0,0,0,0,0,0,0,0,
65,-0.436332,30,-1.10722e-06,-85.9303,-5.58579e-06,0.000221876,-3.35742e-07,1,0,0,0,0,0,0,0,-0,0,0,0,0,0,0,0,0,0,0,0,0,0,0,0,0,0,0,0,0,0,0,0,0,0,0,0,0,0,0,0,0,0,0,0.432048,0.251417,0.297722,0,0,0,0,0,0,0,0,0,0,0,0,0,0,0,0,0,0,0,0,0,0,0,0,0,0,0,0,0,0,0,0,0,0,0,0,0,0,0,0,0,0,0,0,0,0,0,0,0,0,0,0,0,0,0,
66,-0.418879,30,-1.10722e-06,-85.9303,-5.58578e-06,0.000221876,-3.35775e-07,1,0,0,0,0,0,0,0,0,0,0,0,0,0,0,0,0,0,0,0,0,0,0,0,0,0,0,0,0,0,0,0,0,0,0,0,0,0,0,0,0,0,0,0.183322,0.202248,0,0,0,0,0,0,0,0,0,0,0,0,0,0,0,0,0,0,0,0,0,0,0,0,0,0,0,0,0,0,0,0,0,0,0,0,0,0,0,0,0,0,0,0,0,0,0,0,0,0,0,0,0,0,0,0,
67,-0.401426,30,-1.10721e-06,-85.9303,-5.58579e-06,0.000221876,-3.35752e-07,1,0,0,0,0,0,0,0,0,0,0,0,0,0,0,0,0,0,0,0,0,0,0,0,0,0,0,0,0,0,0,0,0,0,0,0,0,0,0,0,0,0,0.300105,0.0924998,0.461121,0,0,0,0,0,0,0,0,0,0,0,0,0,0,0,0,0,0,0,0,0,0,0,0,0,0,0,0,0,0,0,0,0,0,0,0,0,0,0,0,0,0,0,0,0,0,0,0,0,0,0,0,0,0,0,0,
68,-0.383972,30,-1.10722e-06,-85.9303,-5.58577e-06,0.000221876,-3.35771e-07,1,0,0,0,0,0,0,0,0,0,0,0,0,0,0,0,0,0,0,0,0,0,0,0,0,0,0,0,0,0,0,0,0,0,0,0,0,0,0,0,0,0,0.372126,0.348802,0.288477,0,0,0,0,0,0,0,0,0,0,0,0,0,0,0,0,0,0,0,0,0,0,0,0,0,0,0,0,0,0,0,0,0,0,0,0,0,0,0,0,0,0,0,0,0,0,0,0,0,0,0,0,0,0,0,0,
69,-0.366519,30,-1.10723e-06,-85.9303,-5.58577e-06,0.000221876,-3.35802e-07,1,0,0,0,0,0,0,0,0,0,0,0,0,0,0,0,0,0,0,0,0,0,0,0,0,0,0,0,0,0,0,0,0,0,0,0,0,0,0,0,0,0,0.455311,0.431403,0.342262,0,0,0,0,0,0,0,0,0,0,0,0,0,0,0,0,0,0,0,0,0,0,0,0,0,0,0,0,0,0,0,0,0,0,0,0,0,0,0,0,0,0,0,0,0,0,0,0,0,0,0,0,0,0,0,0,
70,-0.349066,30,-1.10723e-06,-85.9303,-5.58576e-06,0.000221876,-3.35772e-07,1,0,0,0,0,0,0,0,0,0,0,0,0,0,0,0,0,0,0,0,0,0,0,0,0,0,0,0,0,0,0,0,0,0,0,0,0,0,0,0,0,0,0.222501,0.368006,0,0,-0,0,0,0,0,0,0,0,0,0,0,0,0,0,0,0,0,0,0,0,0,0,0,0,0,0,0,0,0,0,0,0,0,0,0,0,0,0,0,0,0,0,0,0,0,0,0,0,0,0,0,0,0,0,0,
71,-0.331613,30,-1.10723e-06,-85.9303,-5.58579e-06,0.000221876,-3.35612e-07,1,0,0,0,0,0,0,0,0,0,0,0,0,0,0,0,0,0,-0,0,0,0,0,0,0,0,0,0,0,0,0,0,0,0,0,0,0,0,0,0,0,0.131155,0.194915,0.210113,0,0,0,0,0,0,0,0,0,0,0,0,0,0,0,0,0,0,0,0,0,0,0,0,0,0,0,0,0,0,0,0,0,0,0,0,0,0,0,0,0,0,0,0,0,0,0,0,0,0,0,0,0,0,0,0,0,
72,-0.314159,30,-1.10723e-06,-85.9303,-5.58577e-06,0.000221876,-3.35651e-07,1,0,0,0,0,0,0,0,0,0,0,0,0,0,0,0,0,0,0,0,0,0,0,0,0,0,0,0,0,0,0,0,0,0,0,0,0,0,0,0,0,0.320818,0.293382,0.340532,0,0,0,0,0,0,0,0,0,0,0,0,0,0,0,0,0,0,0,0,0,0,0,0,0,0,0,0,0,0,0,0,-0,0,0,0,0,0,0,0,0,0,0,0,0,0,0,0,0,0,0,0,0,0,0,0,0,
73,-0.296706,30,-1.10724e-06,-85.9303,-5.58575e-06,0.000221876,-3.35712e-07,1,0,0,0,0,0,0,0,0,0,0,0,0,0,0,0,0,0,0,0,0,0,0,0,0,0,0,0,0,0,0,0,0,0,0,0,0,0,0,0,0,0.453358,0.168608,0,0,0,0,0,0,0,0,0,0,0,0,0,0,0,0,0,0,0,0,0,0,0,0,0,0,0,0,0,0,0,0,0,0,0,0,0,0,0,0,0,0,0,0,0,0,0,0,0,0,0,0,0,0,0,0,0,0,
74,-0.279253,30,-1.10725e-06,-85.9303,-5.58575e-06,0.000221876,-3.35725e-07,1,0,0,0,0,0,0,0,0,0,0,0,0,0,0,0,0,0,0,0,0,0,0,0,0,0,0,0,0,0,0,0,0,0,0,0,0,0,0,0,0,0.290045,0.637335,0,0,0,0,0,0,0,0,0,0,0,0,0,0,0,0,0,0,0,0,0,0,0,0,0,0,0,0,0,0,0,0,0,0,0,0,0,0,0,0,0,0,0,0,0,0,0,0,0,0,0,0,0,0,0,0,0,0,
75,-0.261799,30,-1.10723e-06,-85.9303,-5.58578e-06,0.000221876,-3.35723e-07,1,0,0,0,0,0,0,-0,0,0,0,0,0,0,0,0,0,0,0,0,0,0,0,0,0,0,0,0,0,0,0,0,0,0,0,0,0,0,0,0,0.355367,0.472277,0.364802,0,0,0,0,0,0,0,0,0,0,0,0,0,0,0,0,0,0,0,0,0,0,0,0,0,0,0,0,0,0,0,0,0,0,0,0,0,0,0,0,0,0,0,0,0,0,0,0,0,0,0,0,0,0,0,0,0,0,
76,-0.244346,30,-1.10724e-06,-85.9303,-5.58579e-06,0.000221876,-3.35717e-07,1,0,0,0,0,0,0,0,0,0,0,0,0,0,0,0,0,0,0,0,0,0,0,0,0,0,0,0,0,0,0,0,0,0,0,0,0,0,0,0,0.463738,0.143864,0.364155,0,0,0,0,0,0,0,0,0,0,0,0,0,0,0,0,0,0,0,0,0,0,0,0,0,0,0,0,0,0,0,0,0,0,0,0,0,0,0,0,0,0,0,0,0,0,0,0,0,0,0,0,0,0,0,0,0,0,
77,-0.226893,30,-1.10723e-06,-85.9303,-5.58578e-06,0.000221876,-3.35749e-07,1,0,0,0,0,0,0,0,0,0,0,0,0,0,0,0,0,0,0,0,0,0,0,0,0,0,0,-0,0,0,0,0,0,0,0,0,0,0,0,0,0.337911,0.267751,0.235039,0,0,0,0,0,0,0,0,0,0,0,0,0,0,0,0,0,0,0,0,-0,0,0,0,0,0,0,0,0,0,0,0,0,0,0,0,0,0,0,0,0,0,0,0,0,0,0,0,0,0,0,0,0,0,0,0,0,0,
78,-0.20944,30,-1.10719e-06,-85.9303,-5.5859e-06,0.000221876,-3.35489e-07,1,0,0,0,0,-0,0,0,0,0,0,0,0,0,0,0,0,0,0,0,0,0,0,0,0,0,0,0,0,0,0,0,0,0,0,0,0,0,0,0,0.445938,0.348205,0,0,0,0,0,0,0,0,0,0,0,0,0,0,0,0,0,0,0,0,0,0,0,0,0,0,0,0,0,0,0,0,0,0,0,0,0,0,0,0,0,0,0,0,0,0,0,0,0,0,0,0,0,0,0,0,0,0,0,
79,-0.191986,30,-1.10719e-06,-85.9303,-5.58582e-06,0.000221876,-3.35527e-07,1,0,0,0,0,0,0,0,0,0,0,0,0,0,0,0,0,0,0,0,0,0,0,0,0,0,0,0,0,0,0,0,0,0,0,0,0,0,0,0,0.462003,0.199566,0,0,0,0,0,0,0,0,0,0,0,0,0,0,0,0,0,0,0,0,0,0,0,0,0,0,0,0,0,0,0,0,0,0,0,0,0,0,0,0,0,0,0,0,0,0,0,0,0,0,0,0,0,0,0,0,0,0,0,
80,-0.174533,30,-1.1072e-06,-85.9303,-5.58578e-06,0.000221876,-3.35556e-07,1,0,0,0,0,0,0,0,0,0,0,0,0,0,0,0,0,0,0,0,0,0,0,0,0,0,0,0,0,0,0,0,0,0,0,0,0,0,0,0,0.589609,0.543332,0,0,0,0,0,0,0,0,0,0,0,0,0,0,0,0,0,0,0,0,0,0,0,0,0,0,0,0,0,0,0,0,0,0,0,0,0,0,0,0,0,0,0,0,0,0,0,0,0,0,0,0,0,0,0,0,0,0,0,
81,-0.15708,30,-1.10721e-06,-85.9303,-5.58578e-06,0.000221876,-3.35591e-07,1,0,0,0,0,0,0,0,0,0,0,0,0,0,0,0,0,0,0,0,0,0,0,0,0,0,0,0,0,0,0,0,0,0,0,0,0,0,0,0,0.338351,0.440135,0,0,0,0,0,0,0,0,0,0,0,0,0,0,-0,0,0,0,0,0,0,0,0,0,0,0,0,0,0,0,0,0,0,0,0,0,0,0,0,0,0,0,0,0,0,0,0,0,0,0,0,0,0,0,0,0,0,0,0,
82,-0.139626,30,-1.10721e-06,-85.9303,-5.58578e-06,0.000221876,-3.3566e-07,1,0,0,0,0,0,0,0,0,0,0,0,0,0,0,0,0,0,0,0,0,0,0,0,0,0,0,0,0,0,0,0,0,0,0,0,0,0,0,0.317531,0.0939454,0.213861,0,0,0,0,0,0,0,0,0,0,0,0,0,0,0,0,0,0,0,0,0,0,0,0,0,0,0,0,0,0,0,0,0,0,0,0,0,0,0,0,0,0,0,0,0,0,0,0,0,0,0,0,0,0,0,0,0,0,0,
83,-0.122173,30,-1.10721e-06,-85.9303,-5.5858e-06,0.000221876,-3.35612e-07,1,0,0,0,0,0,0,0,0,0,0,0,0,0,0,0,0,0,0,0,0,0,0,0,0,0,0,0,0,0,0,0,0,0,0,0,0,0,0,0.207168,0.564717,0.149813,0,0,0,0,0,0,0,0,0,0,0,0,0,0,0,0,0,0,0,0,0,0,0,0,0,0,0,0,0,0,0,0,0,0,0,0,0,0,0,0,0,0,0,0,0,0,0,0,0,0,0,0,0,0,0,0,0,0,0,
84,-0.10472,30,-1.10721e-06,-85.9303,-5.58579e-06,0.000221876,-3.35642e-07,1,0,0,0,0,0,0,0,0,0,0,0,0,0,0,0,0,0,0,0,0,0,0,0,0,0,0,0,0,0,0,0,0,0,0,0,0,0,0,0.40922,0.350142,0.207233,0,0,0,0,0,0,0,0,0,0,0,0,0,0,0,0,0,0,0,0,0,0,0,0,0,0,0,0,0,0,0,0,0,0,0,0,0,0,0,0,0,0,0,0,0,0,0,0,0,0,0,0,0,0,0,0,0,0,0,
85,-0.0872665,30,-1.10721e-06,-85.9303,-5.58578e-06,0.000221876,-3.35666e-07,1,0,0,0,0,0,0,0,0,0,0,0,0,0,0,0,0,0,0,0,0,0,0,0,0,0,0,0,0,0,0,0,0,0,0,0,0,0,0,0.373855,0.364553,0.413859,0,0,0,0,0,0,0,0,0,0,0,0,0,0,0,0,0,0,0,0,0,0,0,0,0,0,0,0,0,0,0,0,0,0,0,0,0,0,0,0,0,0,0,0,0,0,0,0,0,0,0,0,0,0,0,0,0,0,0,
86,-0.0698132,30,-1.10722e-06,-85.9303,-5.58579e-06,0.000221876,-3.35711e-07,1,0,0,0,0,0,0,0,0,0,0,0,0,0,0,0,0,0,0,0,0,0,0,0,0,0,0,0,0,0,0,0,0,0,0,0,0,0,0,0.525738,0.387861,0.437303,0,0,0,0,0,0,0,0,0,0,-0,0,0,0,0,0,0,0,0,0,0,0,0,0,0,0,0,0,0,0,0,0,0,0,0,0,0,0,0,0,0,0,0,0,0,0,0,0,0,0,0,0,0,0,0,0,0,0,0,
87,-0.0523599,30,-1.1072e-06,-85.9303,-5.58581e-06,0.000221876,-3.35677e-07,1,0,0,0,0,0,0,0,0,0,0,0,0,0,0,0,0,0,0,0,0,0,0,0,0,0,0,0,0,0,0,0,0,0,0,0,0,0,0,0.114687,0.248566,0.475581,0,0,0,0,0,0,0,0,0,0,0,0,0,0,0,0,0,0,0,0,0,0,0,0,0,0,0,0,0,0,0,0,0,0,0,0,0,0,0,0,0,0,0,0,0,0,0,0,0,0,0,0,0,0,0,0,0,0,0,
88,-0.0349066,30,-1.1072e-06,-85.9303,-5.58578e-06,0.000221876,-3.35691e-07,1,0,0,0,0,0,0,0,0,0,0,0,0,0,0,0,0,0,0,0,0,0,0,0,0,0,0,0,0,0,0,0,0,0,0,0,0,0,0,0.333746,0.36104,0.387064,0,0,0,0,0,0,0,0,0,0,0,0,0,0,0,0,0,0,0,0,0,0,0,0,0,0,0,0,0,0,0,0,0,0,0,0,0,0,0,0,0,0,0,0,0,0,0,0,0,0,0,0,0,0,0,0,0,0,0,
89,-0.0174533,30,-1.10721e-06,-85.9303,-5.58577e-06,0.000221876,-3.35764e-07,1,0,0,0,0,0,0,0,0,0,0,0,0,0,0,0,0,0,0,0,0,0,0,0,0,0,0,0,0,0,0,0,0,0,0,0,0,0,0,0.542855,0.43111,0.290135,0,0,0,0,0,0,0,0,0,0,0,0,0,0,0,0,0,0,0,0,0,0,0,0,0,0,0,0,0,0,0,0,0,0,0,0,0,0,0,0,0,0,0,0,0,0,0,0,0,0,0,0,0,0,0,0,0,0,0,
90,1.81105e-15,30,-1.10721e-06,-85.9303,-5.58577e-06,0.000221876,-3.35756e-07,1,0,0,0,0,0,0,0,0,0,0,0,0,0,0,0,0,0,0,0,0,0,0,0,0,0,0,0,0,0,0,0,0,0,0,0,0,0,0,0.171218,0.453423,0.394543,0,0,0,0,0,0,0,0,0,0,0,0,0,0,0,0,0,0,0,0,0,0,0,0,0,0,0,0,0,0,0,0,0,0,0,0,0,0,0,0,0,0,0,0,0,0,0,0,0,0,0,0,0,0,0,0,0,0,0,
91,0.0174533,30,-1.10721e-06,-85.9303,-5.58578e-06,0.000221876,-3.3576e-07,1,0,0,0,0,0,0,0,0,0,0,0,0,0,0,0,0,0,0,0,0,0,0,0,0,0,0,0,0,0,0,0,0,0,0,0,0,0,0,0.578828,0.285622,0.274651,0,0,0,0,0,0,0,0,0,0,0,0,0,0,0,0,0,0,0,0,0,0,0,0,0,0,0,0,0,0,0,0,0,0,0,0,0,0,0,0,0,0,0,0,0,0,0,0,0,0,0,0,0,0,0,0,0,0,0,
92,0.0349066,30,-1.1072e-06,-85.9303,-5.58578e-06,0.000221876,-3.35769e-07,1,0,0,0,0,0,0,0,0,0,0,0,0,0,0,0,0,0,0,0,0,0,0,0,0,0,0,0,0,0,0,0,0,0,0,0,-0,0,0,0.292261,0.501431,0.221223,0,0,0,0,0,0,0,0,0,0,0,0,0,0,0,0,0,0,0,0,0,0,0,0,0,0,0,0,0,0,0,0,0,0,0,0,0,0,0,0,0,0,0,0,0,0,0,0,0,0,0,0,0,0,0,0,0,0,0,
93,0.0523599,30,-1.10721e-06,-85.9303,-5.58578e-06,0.000221876,-3.35753e-07,1,0,0,0,0,0,0,0,0,0,0,0,0,0,0,0,0,0,0,0,0,0,0,0,0,0,0,0,0,0,0,0,0,0,0,0,0,0,0,0.276411,0.332225,0.403436,0,0,0,0,0,0,0,0,0,0,0,0,0,0,0,0,0,0,0,0,0,0,0,0,0,0,0,0,0,0,0,0,0,0,0,0,0,0,0,0,0,0,0,0,0,0,0,0,0,0,0,0,0,0,0,0,0,0,0,
94,0.0698132,30,-1.10721e-06,-85.9303,-5.58578e-06,0.000221876,-3.3576e-07,1,0,0,0,0,0,0,0,0,0,0,0,0,0,0,0,0,0,0,0,0,0,0,0,0,0,0,0,0,0,0,0,0,0,0,0,0,0,0,0.200335,0.838174,0.262295,0,0,0,0,0,0,0,0,0,0,0,0,0,0,0,0,0,0,0,0,0,0,0,0,0,0,0,0,0,0,0,0,0,0,0,0,0,0,0,0,0,0,0,0,0,0,0,0,0,0,0,0,0,0,0,0,0,0,0,
95,0.0872665,30,-1.10721e-06,-85.9303,-5.58578e-06,0.000221876,-3.35778e-07,1,0,0,0,0,-0,0,0,0,0,0,0,0,0,0,0,0,0,0,0,0,0,0,0,0,0,0,0,0,0,0,0,0,0,0,0,0,0,0,0.397783,0.349448,0.326787,0,0,0,-0,0,0,0,0,0,0,0,0,0,0,0,0,0,0,0,0,0,0,0,0,0,0,0,0,0,0,0,0,0,0,0,0,0,0,0,0,0,0,0,0,0,0,0,0,0,0,0,0,0,0,0,0,0,0,0,
96,0.10472,30,-1.10721e-06,-85.9303,-5.58579e-06,0.000221876,-3.35769e-07,1,0,0,0,0,0,0,0,0,0,0,0,0,0,0,0,0,0,0,0,0,0,0,0,0,0,0,0,0,0,0,0,0,0,0,0,0,0,0,0.259616,0.613043,0.367001,-0,0,0,0,0,0,0,0,0,0,0,0,0,0,0,0,0,0,0,0,0,0,0,0,0,0,0,0,0,0,0,0,0,0,0,-0,0,0,0,0,0,0,0,0,0,0,0,0,0,0,0,0,0,0,0,0,0,0,0,
97,0.122173,30,-1.1072e-06,-85.9303,-5.58577e-06,0.000221876,-3.3573e-07,1,0,0,0,0,0,0,0,0,0,0,0,0,0,0,0,0,0,0,-0,0,0,0,0,0,0,0,0,0,0,0,0,0,0,0,0,0,0,0,0.505468,0.497943,0.344028,0,0,0,0,0,0,0,0,0,0,0,0,-0,0,0,0,0,0,0,0,0,0,0,0,0,0,0,0,0,0,0,0,0,0,0,0,0,0,0,0,0,0,0,0,0,0,0,0,0,0,0,0,0,0,0,0,0,0,0,
98,0.139626,30,-1.10721e-06,-85.9303,-5.58578e-06,0.000221876,-3.35732e-07,1,0,0,0,0,0,0,0,0,0,0,0,0,0,0,0,0,0,0,0,0,0,0,0,0,0,0,0,0,0,0,0,0,0,0,0,0,0,0,0.292403,0.211953,0.612847,0,0,0,0,0,0,0,0,0,0,0,0,0,0,0,0,0,0,0,0,0,0,0,0,0,0,0,0,0,0,0,0,0,0,0,0,0,0,0,0,0,0,0,0,0,0,0,0,0,0,0,0,0,0,0,0,0,0,0,
99,0.15708,30,-1.10721e-06,-85.9303,-5.58577e-06,0.000221876,-3.35763e-07,1,0,0,0,0,0,0,0,0,0,0,0,0,0,0,0,0,0,0,0,0,0,0,0,0,0,0,0,0,-0,0,0,0,0,0,0,0,0,0,0,0.30355,0.548538,0,0,0,0,0,0,0,0,0,0,0,0,0,0,0,0,0,0,0,0,0,0,0,0,0,0,0,0,0,0,0,0,0,0,0,0,0,0,0,0,0,0,0,0,0,0,0,0,0,0,0,0,0,0,0,0,0,0,0,
100,0.174533,30,-1.10721e-06,-85.9303,-5.58578e-06,0.000221876,-3.35756e-07,1,0,0,0,0,0,0,0,0,0,0,0,0,0,0,0,0,0,0,0,0,0,0,0,0,0,0,0,0,0,0,0,0,0,0,0,0,0,0,0,0.126271,0.352395,0,0,0,0,0,0,0,0,0,0,0,0,0,0,0,0,0,0,0,0,0,0,0,0,0,0,0,0,0,0,0,0,0,0,0,0,0,0,0,0,0,0,0,0,0,0,0,0,0,0,0,0,0,0,0,0,0,0,0,
101,0.191986,30,-1.10721e-06,-85.9303,-5.58579e-06,0.000221876,-3.35731e-07,1,0,0,0,0,0,0,0,0,0,0,0,0,0,0,0,0,0,0,0,0,0,0,0,0,0,0,0,0,0,0,0,0,0,0,0,0,0,0,0,0.320956,0.289112,0,0,0,0,0,0,0,0,0,0,0,0,0,0,0,0,0,0,0,0,0,0,0,0,0,0,0,0,0,0,0,0,0,0,0,0,0,0,0,0,0,0,0,0,0,0,0,0,0,0,0,0,0,0,0,0,0,0,0,
102,0.20944,30,-1.10721e-06,-85.9303,-5.5858e-06,0.000221876,-3.35708e-07,1,0,0,0,0,0,0,0,0,0,0,0,0,0,0,0,0,0,0,0,0,0,0,0,0,0,0,0,0,0,0,0,0,0,0,0,0,0,0,0,0.232157,0.22759,0,0,0,0,0,0,0,0,0,0,0,0,0,0,0,0,0,0,0,0,0,0,0,0,0,0,0,0,0,0,0,0,0,0,0,0,0,0,0,0,0,0,0,0,0,0,0,0,0,0,0,0,0,0,0,0,0,0,0,
103,0.226893,30,-1.1072e-06,-85.9303,-5.5858e-06,0.000221876,-3.35679e-07,1,0,0,0,0,0,0,0,0,0,0,0,0,0,0,0,0,0,0,0,0,0,0,0,0,0,0,0,0,0,0,0,0,0,0,0,0,0,0,0,0.305823,0.576177,0.594183,0,0,0,0,0,0,0,0,0,0,0,0,0,0,0,0,0,0,0,0,0,0,0,0,0,0,0,0,0,0,0,0,0,0,0,0,0,0,0,0,0,0,0,0,0,0,0,0,0,0,0,0,0,0,0,0,0,0,
104,0.244346,30,-1.1072e-06,-85.9303,-5.58579e-06,0.000221876,-3.35691e-07,1,0,0,0,0,0,0,0,0,0,0,0,0,0,0,0,0,0,0,0,0,0,0,0,0,0,0,0,0,0,0,0,0,0,0,0,0,0,0,0,0.458094,0.398031,0.395783,0,0,0,0,0,0,0,0,0,0,0,0,0,-0,0,0,0,0,0,0,0,0,0,0,0,0,0,0,0,0,0,0,0,0,0,0,0,0,0,0,0,0,0,0,0,0,0,0,0,0,0,0,0,0,0,0,0,0,
105,0.261799,30,-1.10721e-06,-85.9303,-5.58577e-06,0.000221876,-3.35732e-07,1,0,0,0,0,0,0,0,0,0,0,0,0,0,0,0,0,0,0,0,0,0,0,0,0,-0,0,0,0,0,0,0,0,0,0,0,0,0,0,0,0.382593,0.421118,0.397126,0,0,0,0,0,0,0,0,0,0,0,0,0,0,0,0,0,0,0,0,0,0,0,0,0,0,0,0,0,0,0,0,0,0,0,0,0,0,0,0,0,0,0,0,0,0,0,0,0,0,0,0,0,0,0,0,0,0,
106,0.279253,30,-1.10721e-06,-85.9303,-5.58577e-06,0.000221876,-3.35746e-07,1,0,0,0,0,0,0,0,0,0,0,0,0,0,0,0,0,0,0,0,0,0,0,0,0,0,0,0,0,0,0,0,0,0,0,0,0,0,0,0,0,0.492558,0.338821,0,0,0,0,0,0,0,0,0,0,0,0,0,0,0,0,0,0,0,0,0,0,0,0,0,0,0,0,0,0,0,0,0,0,0,0,0,0,0,0,0,0,0,0,0,0,0,0,0,0,0,0,0,0,0,0,0,0,
107,0.296706,30,-1.10721e-06,-85.9303,-5.58578e-06,0.000221876,-3.35747e-07,1,0,0,0,0,0,0,0,0,0,0,0,0,0,0,0,0,0,0,0,0,0,0,0,0,0,0,0,0,0,0,0,0,0,0,0,0,0,0,0,0,0.402136,0.455428,0,0,0,0,0,0,0,0,0,0,0,0,0,0,0,0,0,0,0,0,0,0,0,0,0,0,0,0,0,0,0,0,0,0,0,0,0,0,0,0,0,0,0,0,0,0,0,0,0,0,0,0,0,0,0,0,0,0,
108,0.314159,30,-1.10721e-06,-85.9303,-5.58578e-06,0.000221876,-3.35773e-07,1,0,0,0,0,0,0,0,0,0,0,0,0,0,0,0,0,0,0,0,0,0,0,0,0,0,0,0,0,0,0,0,0,0,0,0,0,0,0,0,0,0.25217,0.303504,0.150916,0,0,0,0,0,0,0,0,0,0,0,0,0,0,0,0,0,0,0,0,0,0,0,0,0,0,0,0,0,0,0,0,0,0,0,0,0,0,0,0,0,0,0,0,0,0,0,0,0,0,0,0,0,0,0,0,0,
109,0.331613,30,-1.1072e-06,-85.9303,-5.58579e-06,0.000221876,-3.3572e-07,1,0,0,0,0,0,0,0,0,0,0,0,0,0,0,0,0,0,0,0,0,0,0,0,0,0,0,0,0,0,0,0,0,0,0,0,0,0,0,0,0,0.351134,0.26955,0.298335,0,0,0,0,0,0,0,0,0,0,0,0,0,-0,0,0,0,0,0,0,0,0,0,0,0,0,0,0,0,0,0,0,0,0,0,0,0,0,0,0,0,0,0,0,0,0,0,0,0,0,0,0,0,0,0,0,0,
110,0.349066,30,-1.10721e-06,-85.9303,-5.58579e-06,0.000221876,-3.35716e-07,1,0,0,0,0,0,0,0,0,0,0,0,0,0,0,0,0,0,0,0,0,0,0,0,0,0,0,0,0,0,0,0,0,0,0,0,0,0,0,0,0,0,0.188499,0.550905,0,0,0,0,0,0,0,0,0,0,0,0,0,0,0,0,0,0,0,0,0,0,0,0,0,0,0,0,0,0,0,0,0,0,0,0,0,0,0,0,0,0,0,0,0,0,0,0,0,0,0,0,0,0,0,0,0,
111,0.366519,30,-1.10721e-06,-85.9303,-5.58578e-06,0.000221876,-3.35735e-07,1,0,0,0,0,0,0,0,0,0,0,0,0,0,0,0,0,0,0,0,0,0,0,0,0,0,0,0,0,0,0,0,0,0,-0,0,0,0,0,0,0,0,0.113479,0.199434,0.214604,0,0,0,0,0,0,0,0,0,0,0,0,0,0,0,0,0,0,0,0,0,0,0,0,0,0,0,0,0,0,0,0,0,0,0,0,0,0,0,0,0,0,0,0,0,0,0,0,0,0,0,0,0,0,0,0,
112,0.383972,30,-1.10721e-06,-85.9303,-5.58579e-06,0.000221876,-3.35739e-07,1,0,0,0,0,0,0,0,0,0,0,0,0,0,0,0,0,0,0,0,0,0,0,0,0,0,0,0,0,0,0,0,0,0,0,0,0,0,0,0,0,0,0.59615,0.348319,0.307392,0,0,0,0,0,0,0,0,0,0,0,0,0,0,0,0,0,0,0,0,0,0,0,0,0,0,0,0,0,0,0,0,0,0,0,0,0,0,0,0,0,0,0,0,0,0,0,0,0,0,0,0,0,0,0,0,
113,0.401426,30,-1.1072e-06,-85.9303,-5.58579e-06,0.000221876,-3.35704e-07,1,0,0,0,0,0,0,0,0,0,0,0,0,0,0,0,0,0,0,0,0,0,0,0,0,0,0,0,0,0,0,0,0,0,0,0,0,0,0,0,0,0,0.287953,0.159254,0.34324,0,0,0,0,0,0,0,0,0,0,0,0,0,0,0,0,0,0,0,0,0,0,0,0,0,0,0,0,0,0,0,0,0,0,0,0,0,0,0,0,0,0,0,-0,0,0,0,0,0,0,0,0,0,0,0,0,
114,0.418879,30,-1.10722e-06,-85.9303,-5.58578e-06,0.000221876,-3.35705e-07,1,0,0,0,0,0,0,0,0,0,0,0,0,0,0,0,0,0,0,0,0,0,0,0,0,0,0,0,0,0,0,0,0,0,0,0,0,0,0,0,0,0,0,0.509349,0.320853,0,0,0,0,0,0,0,0,0,0,0,0,0,0,0,0,0,0,0,0,0,0,0,0,0,0,0,0,0,0,0,0,0,0,0,0,0,0,0,0,0,0,0,0,0,0,0,0,0,0,0,0,0,0,0,0,
115,0.436332,30,-1.10722e-06,-85.9303,-5.58578e-06,0.000221876,-3.35732e-07,1,0,0,0,0,0,0,0,0,0,0,0,0,0,0,0,0,0,0,0,0,0,0,0,0,0,0,0,0,0,0,0,0,0,0,0,0,0,0,0,0,0,0,0.309683,0.297332,0.233599,0,0,0,0,0,0,0,0,0,0,0,0,0,0,0,0,0,0,0,0,0,0,0,0,0,0,0,0,0,0,0,0,0,0,0,0,0,0,0,0,0,0,0,0,0,0,0,0,0,0,0,0,0,0,0,
116,0.453786,30,-1.10721e-06,-85.9303,-5.58578e-06,0.000221876,-3.35765e-07,1,0,0,0,0,0,0,0,0,0,0,0,0,0,0,0,0,0,0,0,0,0,0,0,0,0,0,0,0,0,0,0,0,0,0,0,0,0,0,0,0,0,0,0.382479,0.168144,0.365432,0,0,0,0,0,0,0,0,0,0,0,0,0,0,0,0,0,0,0,0,0,0,0,0,0,0,0,0,0,0,0,0,0,0,0,0,0,0,0,0,0,0,0,0,0,0,0,0,0,0,0,0,0,0,0,
117,0.471239,30,-1.10722e-06,-85.9303,-5.58578e-06,0.000221876,-3.3577e-07,1,0,0,0,0,0,0,0,0,0,0,0,0,0,0,0,0,0,0,0,0,0,0,0,0,0,0,0,0,0,0,0,0,0,0,0,0,0,0,0,0,0,0,0,0.271114,0.213506,0.114905,0,0,0,0,0,0,0,0,0,0,0,0,0,0,0,0,0,0,0,0,0,0,0,0,0,0,0,0,0,0,0,0,0,0,0,0,0,0,0,0,0,0,0,0,0,0,0,0,0,0,0,0,0,0,
118,0.488692,30,-1.10721e-06,-85.9303,-5.58579e-06,0.000221876,-3.35774e-07,1,0,0,0,0,0,0,0,0,0,0,0,0,0,0,0,0,0,0,0,0,0,0,0,0,0,0,0,0,0,0,0,0,0,0,0,0,0,0,0,0,0,0,0,0.372135,0.0725838,0.226804,0,0,0,0,0,0,0,0,0,0,0,0,0,0,0,0,0,0,0,0,0,0,0,0,0,0,0,0,0,0,0,0,0,0,0,0,0,0,0,0,0,0,0,0,0,0,0,0,0,0,0,0,0,0,
119,0.506145,30,-1.10723e-06,-85.9303,-5.58578e-06,0.000221876,-3.35841e-07,1,0,0,0,0,0,0,0,0,0,0,0,0,0,0,0,0,0,0,0,0,0,0,0,0,0,0,0,0,0,0,0,0,0,0,0,0,0,0,0,0,0,0,0,0.0558472,0.339504,0.244612,0,0,0,0,0,0,0,0,0,0,0,0,0,0,0,0,0,0,0,-0,0,0,0,0,0,0,0,0,0,0,0,0,0,0,0,0,0,0,0,0,0,0,0,0,0,0,0,0,0,0,0,0,0,0,
120,0.523599,30,-1.10723e-06,-85.9303,-5.58578e-06,0.000221876,-3.35864e-07,1,0,0,0,0,0,0,0,0,0,0,0,0,0,0,0,0,0,0,0,0,-0,0,0,0,0,0,0,0,0,0,0,0,0,0,0,0,0,0,0,0,0,0,0,0,0.261529,0.130765,0.099504,0,0,0,0,0,0,0,0,0,0,0,0,0,0,0,0,0,0,0,0,0,0,0,0,0,0,0,0,0,0,0,0,0,0,0,0,0,0,0,0,0,0,0,0,0,0,0,0,0,0,0,0,0,
121,0.541052,30,-1.10724e-06,-85.9303,-5.58578e-06,0.000221876,-3.35853e-07,1,0,0,0,0,0,0,0,0,0,0,0,0,0,0,0,0,0,0,0,0,0,0,0,0,0,0,0,0,0,0,0,0,0,0,0,0,0,0,0,0,0,0,0,0,0.254478,0.300935,0.14301,0,0,0,0,0,0,0,0,0,0,0,0,0,0,0,0,0,0,0,0,0,0,0,0,0,0,0,0,0,0,0,0,0,0,0,0,0,0,0,0,0,0,0,0,0,0,0,0,0,0,0,0,0,
122,0.558505,30,-1.10724e-06,-85.9303,-5.58578e-06,0.000221876,-3.35841e-07,1,0,0,0,0,0,0,0,0,0,0,0,0,0,0,0,0,0,0,0,0,0,0,0,0,0,0,0,0,0,0,0,0,0,0,0,0,0,0,0,0,0,0,0,0,0,0.284903,0.325243,0.230598,0,0,0,0,0,0,0,0,0,0,0,0,0,0,0,0,0,0,0,0,0,0,0,0,0,0,0,0,0,0,0,0,0,0,0,0,0,0,0,0,0,0,0,0,0,0,0,0,0,0,0,0,
123,0.575959,30,-1.10723e-06,-85.9303,-5.58575e-06,0.000221876,-3.35819e-07,1,0,0,0,0,0,0,0,0,0,0,0,0,0,0,0,0,0,0,0,0,0,0,0,0,0,0,0,0,0,0,0,0,0,0,0,0,0,0,0,0,0,0,0,0,0,0.258126,0.132066,0.301563,0,0,0,0,0,0,0,0,0,0,0,0,0,0,0,0,0,0,0,0,0,0,0,0,0,0,0,0,0,0,0,0,0,0,0,0,0,0,0,0,0,0,0,0,0,0,0,0,0,0,0,0,
124,0.593412,30,-1.10724e-06,-85.9303,-5.58576e-06,0.000221876,-3.35805e-07,1,0,0,0,0,0,0,0,0,0,0,0,0,0,0,0,0,0,0,0,0,0,0,0,0,0,0,0,0,0,0,0,0,0,0,0,0,0,0,0,0,0,0,0,0,0,0,0.135082,0.251352,0.197893,0,0,0,0,0,0,0,0,0,0,0,0,0,0,0,0,0,0,0,0,0,0,0,0,0,0,0,0,0,0,0,0,0,0,0,0,0,0,0,0,0,0,0,0,0,0,0,0,0,0,0,
125,0.610865,30,-1.10723e-06,-85.9303,-5.58577e-06,0.000221876,-3.35804e-07,1,0,0,0,0,0,0,0,0,0,0,0,0,0,0,0,0,0,0,0,0,0,0,0,0,0,0,0,0,0,0,0,0,0,0,0,0,0,0,0,0,0,0,0,0,0,0,0.29051,0.227232,0.201925,0.0988888,0,0,0,0,0,0,0,0,0,0,0,0,0,0,0,0,0,0,0,0,0,0,0,0,0,0,0,0,0,0,0,0,0,0,0,0,0,0,0,0,0,0,0,0,0,0,0,0,0,0,
126,0.628319,30,-1.10724e-06,-85.9303,-5.58578e-06,0.000221876,-3.35868e-07,1,0,0,0,0,0,0,0,0,0,0,0,0,0,0,0,0,0,0,0,0,0,0,0,0,0,0,0,0,0,0,0,0,0,0,0,0,0,0,0,0,0,0,0,0,0,0,0,0.205929,0.19899,0.118435,0,0,0,0,0,0,0,0,0,0,0,0,0,0,0,0,0,0,0,0,0,0,0,0,0,0,0,0,0,0,0,0,0,0,0,0,0,0,0,0,0,0,0,0,0,0,0,0,0,0,
127,0.645772,30,-1.10723e-06,-85.9303,-5.58578e-06,0.000221876,-3.35858e-07,1,0,0,0,0,0,0,0,0,0,0,0,0,0,0,0,0,0,0,0,0,0,0,0,0,0,0,0,0,0,0,0,0,0,0,0,0,0,0,0,0,0,0,0,0,0,0,0,0,0.0848919,0.137042,0.0602174,0,0,0,0,0,0,0,0,0,0,0,0,0,0,0,0,0,0,0,0,0,0,0,0,0,0,0,0,0,0,0,0,0,0,0,0,0,0,0,0,0,0,0,0,0,0,0,0,0,
128,0.663225,30,-1.10723e-06,-85.9303,-5.58578e-06,0.000221876,-3.35805e-07,1,0,0,0,0,0,0,0,0,0,0,0,0,0,0,0,0,0,0,0,0,0,0,0,0,0,0,0,0,0,0,0,0,0,0,0,0,0,0,0,0,0,0,0,0,0,0,0,0,0.173493,0.0238268,0.137207,0.0915632,0,0,0,0,0,0,0,0,0,0,0,0,0,0,0,0,0,0,0,0,0,0,0,0,0,0,0,0,0,0,0,0,0,0,0,0,0,0,0,0,0,0,0,0,0,0,0,0,
129,0.680678,30,-1.10722e-06,-85.9303,-5.58579e-06,0.000221876,-3.35809e-07,1,0,0,0,0,0,0,0,0,0,0,0,0,0,0,0,0,0,0,0,0,0,0,0,0,0,0,0,0,0,0,0,0,0,0,0,0,0,0,0,0,0,0,0,0,0,0,0,0,0,0.120368,0.0788239,0.138853,0,0,0,0,0,0,0,0,0,0,0,0,0,0,0,0,0,0,0,0,0,0,0,0,0,0,0,0,0,0,0,0,0,0,0,0,0,0,0,0,0,0,0,0,0,0,0,0,
130,0.698132,30,-1.10722e-06,-85.9303,-5.58578e-06,0.000221876,-3.35802e-07,1,0,0,0,0,0,0,0,0,0,0,0,0,0,0,0,0,0,0,0,0,0,0,-0,0,0,0,0,0,0,0,0,0,0,0,0,0,0,0,0,0,0,0,0,0,0,0,0,0,0,0,0.0738011,0.121339,0.0868347,0,0,0,0,0,0,0,0,0,0,0,0,0,0,0,0,0,0,0,0,0,0,0,0,0,0,0,0,0,0,0,0,0,0,0,0,0,0,0,0,0,0,0,0,0,0,0,
131,0.715585,30,-1.10722e-06,-85.9303,-5.58578e-06,0.000221876,-3.35783e-07,1,0,0,0,0,0,0,0,0,0,0,0,0,0,0,0,-0,0,0,0,0,0,0,0,0,0,0,0,0,0,0,0,0,0,0,0,0,0,0,0,0,0,0,0,0,0,0,0,0,0,-0,0.132265,0.149978,0.0803474,0.0621936,0,0,0,0,0,0,0,0,0,0,0,0,0,0,0,0,0,0,0,0,0,0,0,0,0,0,0,0,0,0,0,0,0,0,0,0,0,0,0,0,0,0,0,0,0,0,
132,0.733038,30,-1.10722e-06,-85.9303,-5.58579e-06,0.000221876,-3.35789e-07,1,0,0,0,0,0,0,0,0,0,0,0,0,0,0,0,0,0,0,0,0,0,0,0,0,0,0,0,0,0,0,0,0,0,0,0,0,0,0,0,0,0,0,0,0,0,0,0,0,0,0,0,0.0667037,0.0695441,0.0968136,0.0682811,0,-0,0,0,0,0,0,0,0,0,0,0,0,0,0,0,0,0,0,0,0,0,0,0,0,0,0,0,0,0,0,0,0,0,0,0,0,0,0,0,0,0,0,0,0,
133,0.750492,30,-1.10722e-06,-85.9303,-5.58578e-06,0.000221876,-3.35623e-07,1,0,0,0,0,0,0,0,0,0,0,0,0,0,0,0,0,0,0,0,0,0,0,0,0,0,0,0,0,0,0,0,0,0,0,0,0,0,0,0,0,0,0,0,0,0,0,0,0,0,0,0,0,0.0732306,0.063209,0.0381435,0.0820852,0,0,0,0,0,0,0,0,0,0,0,0,0,0,0,0,0,0,0,0,0,0,0,0,0,0,0,0,0,0,0,0,0,0,0,0,0,0,0,0,0,0,0,0,
134,0.767945,30,-1.10722e-06,-85.9303,-5.58578e-06,0.000221876,-3.3563e-07,1,0,0,0,0,0,0,0,0,0,0,0,0,0,0,0,0,0,0,0,0,0,0,-0,0,0,0,0,0,0,0,0,0,0,0,0,0,0,0,0,0,0,0,0,0,0,0,0,0,0,0,0,0,0,0.0421706,0.101981,0.0444814,0.0613769,0,0,0,0,0,0,0,0,0,0,0,0,0,0,0,-0,0,0,0,0,0,0,0,0,0,0,0,0,0,0,0,0,0,0,0,0,0,0,0,0,0,0,0,
135,0.785398,30,-1.10723e-06,-85.9303,-5.58577e-06,0.000221876,-3.35636e-07,1,0,0,0,0,0,0,0,0,0,0,0,0,0,0,0,0,0,0,0,0,0,0,0,0,0,0,0,0,0,0,0,0,0,0,0,0,0,0,0,0,0,0,0,0,0,0,0,0,0,0,0,0,0,0,0.0682265,0.0353087,0.0347742,0.0551123,0,0,0,0,0,0,0,0,0,0,0,0,0,0,0,0,0,0,0,0,0,0,0,0,0,0,0,0,0,0,0,0,0,0,0,0,0,0,0,0,0,0,
136,0.802851,30,-1.10722e-06,-85.9303,-5.58578e-06,0.000221876,-3.35655e-07,1,2.86698e-06,0,0,0,0,0,0,0,0,0,0,0,0,0,0,0,0,0,0,0,0,0,0,0,0,0,0,0,0,0,0,0,0,0,0,0,0,0,0,0,0,0,0,0,0,0,0,0,0,0,0,0,0,0,0,0.0222145,0.0549382,0.0397318,0,0,0,0,0.0557042,0.066565,0.0383237,0.0100702,0.0253862,0.00954522,0.00412493,0.00428252,0.00192349,0,0,0,0,0,0,0,0,0,0,0,0,0,0,0,0,0,0,0,0,0,0,0,0,0,0,0,0,0,
137,0.820305,30,-1.10723e-06,-85.9303,-5.58577e-06,0.000221876,-3.35647e-07,1,2.51944e-06,0,0,0,0,0,0,0,0,0,0,0,0,0,0,0,0,0,0,0,0,0,0,0,0,0,0,0,0,0,0,0,0,0,0,0,0,0,-0,0,0,0,0,0,0,0,0,0,0,0,0,0,0,0,0,0,0,0,0,0,0,0.0677856,0.058208,0.0532482,0.0368513,0.0359969,0.0146227,0.0102004,0.00416345,0.00256922,0.00108592,0,0,0,0,0,0,0,0,0,0,0,0,0,0,0,0,0,0,0,0,0,0,0,0,0,0,0,0,0,
138,0.837758,30,-1.10722e-06,-85.9303,-5.58578e-06,0.000221876,-3.35664e-07,1,2.72381e-06,0,0,0,0,0,0,0,0,0,0,0,0,0,0,0,0,0,0,0,0,0,0,0,0,0,0,0,0,0,0,0,0,0,0,0,0,0,0,0,0,0,0,0,0,0,0,0,0,0,0,0,0,0,0,0,0,0,0,0,0,0.060938,0.0614284,0.0427426,0.0166205,0.0167105,0.00549467,0.0103661,0.00660042,0.000597648,0.000492143,8.12161e-05,3.85e-05,0,0,0,0,0,0,0,0,0,0,0,0,0,0,0,0,0,0,0,0,0,0,0,0,0,0,0,
139,0.855211,30,-1.10722e-06,-85.9303,-5.58578e-06,0.000221876,-3.35662e-07,1,2.78329e-06,0,0,0,0,0,0,0,0,0,0,0,0,0,0,0,0,0,0,0,0,0,0,0,0,0,0,0,0,0,0,0,0,0,-0,0,0,0,0,0,0,0,0,0,0,0,0,0,0,0,0,0,0,0,0,0,0,0,0,0,0.0966841,0.0161232,0.0289841,0.0290581,0.0311274,0.0206135,0.0106733,0.00462274,0.00222089,0.000796439,0.000198616,3.9466e-05,6.29781e-06,3.32404e-06,0,0,0,0,0,0,0,0,0,0,0,0,0,0,0,0,0,0,0,0,0,0,0,0,0,0,
140,0.872665,30,-1.10722e-06,-85.9303,-5.58578e-06,0.000221876,-3.3566e-07,1,2.63343e-06,0,0,0,0,0,0,0,0,0,0,0,0,0,0,0,0,0,0,0,0,0,0,0,0,0,0,0,0,0,0,0,0,0,0,0,0,0,0,0,0,0,0,0,0,0,0,0,0,0,0,0,0,0,0,0,0,0,0,0.0904905,0.0836858,0.0634855,0.0237428,0.0250947,0.011044,0.0147785,0.00917453,0.00237693,0.000888336,0.000166453,7.72929e-05,1.41851e-05,4.33387e-06,3.47528e-06,5.72235e-05,0,0,0,0,0,0,0,0,0,0,0,0,0,0,0,0,0,0,0,0,0,0,0,0,0,
141,0.890118,30,-1.10722e-06,-85.9303,-5.58579e-06,0.000221876,-3.35681e-07,1,2.33875e-06,0,0,0,0,0,0,0,0,0,0,0,0,0,0,0,0,0,0,0,0,0,0,0,0,0,0,0,0,0,0,0,0,0,0,0,0,0,0,0,0,0,0,0,0,0,0,0,0,0,0,0,0,0,0,0,0,0,0,0.0777801,0.0779242,0.0468659,0.0237475,0.0120497,0.017919,0.00657988,0.00457895,0.000973424,0.000226107,8.53704e-05,1.08234e-05,4.91818e-06,9.00416e-06,1.51655e-05,0.000196532,0.000206337,0,0,0,0,0,0,0,0,0,0,0,0,0,0,0,0,0,0,0,0,0,0,0,0,
142,0.907571,30,-1.10722e-06,-85.9303,-5.58577e-06,0.000221876,-3.35661e-07,1,1.55648e-06,0,0,0,0,0,0,0,0,0,0,0,0,0,0,0,0,0,0,0,0,0,0,0,0,0,0,0,0,0,0,0,0,0,0,0,-0,0,0,0,0,0,0,0,0,0,0,0,0,0,0,0,0,0,0,0,0,0,0.0842963,0.105314,0.0849085,0.0729929,0.0321937,0.0157156,0.0205889,0.00289318,0.00180079,0.000658656,0.000130353,3.76261e-05,6.68838e-06,4.36667e-06,1.84895e-05,5.29145e-05,0.00010578,0,0,0,0,0,0,0,0,0,0,0,0,0,0,0,0,0,0,0,0,0,0,0,0,0,
143,0.925025,30,-1.10722e-06,-85.9303,-5.58578e-06,0.000221876,-3.35675e-07,1,1.42541e-06,0,0,0,0,0,0,0,0,0,0,0,0,0,0,0,0,0,0,0,0,0,0,0,0,0,0,0,0,0,0,0,0,0,0,0,0,0,0,0,0,0,0,-0,0,0,0,0,0,0,0,0,0,0,0,0,0,0,0.00344845,0.0736505,0.0992917,0.0873688,0.040399,0.0238411,0.00729706,0.00280344,0.0013699,0.000388352,6.09152e-05,9.43471e-06,9.67364e-07,4.45593e-06,1.99094e-05,6.76392e-05,0,0,0,0,0,0,0,0,0,0,0,0,0,0,0,0,0,0,0,0,0,0,0,0,0,0,
144,0.942478,30,-1.10722e-06,-85.9303,-5.58578e-06,0.000221876,-3.35711e-07,1,3.72172e-06,0,0,0,0,0,0,0,0,0,0,0,0,0,0,0,0,0,0,0,0,0,0,0,0,0,0,0,0,0,0,0,0,0,0,0,0,0,0,0,0,0,0,0,0,0,0,0,0,0,0,0,0,0,0,0,0,0.065471,0.0483797,0.143165,0.116954,0.0311921,0.0400132,0.028177,0.0102996,0.00265042,0.000680233,0.00017293,5.93104e-05,1.26861e-05,3.89696e-06,1.06725e-05,2.72845e-05,0,0,0,0,0,0,0,0,0,0,0,0,0,0,0,0,0,0,0,0,0,0,0,0,0,0,0,
145,0.959931,30,-1.10722e-06,-85.9303,-5.58578e-06,0.000221876,-3.35697e-07,1,1.88456e-06,0,0,0,0,0,0,0,0,0,0,0,0,0,0,0,0,0,0,0,0,0,0,0,0,0,0,0,0,0,0,0,0,0,0,0,0,0,0,0,0,0,0,0,0,0,0,0,0,0,0,0,0,0,0,0,0,0.128489,0.120046,0.0457184,0.124227,0.0576203,0.0440138,0.00752242,0.00266791,0.000557407,0.000597683,0.000100013,2.67434e-05,5.33239e-06,1.96214e-06,2.08102e-05,0,0,0,0,0,0,0,0,0,0,0,0,0,0,0,0,0,0,0,0,0,0,0,0,0,0,0,0,
146,0.977384,30,-1.10722e-06,-85.9303,-5.58577e-06,0.000221876,-3.3569e-07,1,1.54591e-06,0,0,0,0,0,0,0,0,0,0,0,-0,0,0,0,0,0,0,0,0,0,0,0,0,0,0,0,0,0,0,0,0,0,0,0,0,0,0,0,0,0,0,0,0,0,0,0,0,0,0,0,0,0,0,-0,0,0.0639218,0.107182,0.0915441,0.10141,0.0555961,0.0217125,0.00788787,0.00367491,0.000989941,0.000244016,5.61969e-05,1.65882e-05,3.22965e-06,6.14661e-06,8.35621e-06,0,0,0,0,0,0,0,0,0,0,0,0,0,0,0,0,0,0,0,0,0,0,0,0,0,0,0,0,
147,0.994838,30,-1.10722e-06,-85.9303,-5.58578e-06,0.000221876,-3.35715e-07,1,1.05959e-06,0,0,0,0,0,0,0,0,0,0,0,0,0,0,0,0,0,0,0,0,0,0,0,0,0,0,0,0,0,0,0,0,0,0,0,0,0,0,-0,0,0,0,0,0,0,0,0,0,0,0,0,0,0,0,0,0,0.135775,0.0811355,0.108413,0.0476767,0.0654755,0.0118394,0.0129994,0.00460476,0.000633983,0.000281321,7.10903e-05,1.79036e-05,6.73853e-06,2.71786e-06,0,0,0,0,0,0,0,0,0,0,0,0,0,0,0,0,0,0,0,0,0,0,0,0,0,0,0,0,0,
148,1.01229,30,-1.10722e-06,-85.9303,-5.58579e-06,0.000221876,-3.35737e-07,1,3.57582e-06,0,0,0,0,0,0,0,0,0,0,0,0,0,0,0,0,0,0,0,0,0,0,0,0,0,0,0,0,0,0,0,0,0,0,0,0,0,0,0,0,0,0,0,0,-0,0,0,0,0,0,0,0,0,0,0,0,0.101734,0.125708,0.126646,0.0836945,0.0358892,0.0156491,0.00698891,0.00151051,0.000615195,0.000256707,7.68944e-05,1.78072e-05,1.05474e-05,0,0,0,0,0,0,0,0,0,0,0,0,0,0,0,0,0,0,0,0,0,0,0,0,0,0,0,0,0,0,
149,1.02974,30,-1.10721e-06,-85.9303,-5.58579e-06,0.000221876,-3.35728e-07,1,3.01379e-06,0,0,0,0,0,0,0,0,0,0,0,0,0,0,0,0,0,0,0,0,0,0,0,0,0,0,0,0,0,0,0,0,0,0,0,0,0,0,0,0,0,0,0,0,0,0,0,0,0,0,0,0,0,0,0,0,0.111458,0.242143,0.067066,0.0907083,0.0778299,0.0383001,0.00292838,0.0014478,0.00135235,0.000158529,5.8124e-05,3.84248e-05,0,0,0,0,0,0,0,0,0,0,0,0,0,0,0,0,0,0,0,0,0,0,0,0,0,0,0,0,0,0,0,
150,1.0472,30,-1.10721e-06,-85.9303,-5.58581e-06,0.000221876,-3.35776e-07,1,2.116e-06,0,0,0,0,0,0,0,0,0,0,0,0,0,0,0,0,0,0,0,-0,0,0,0,0,0,0,0,0,0,0,0,0,0,0,0,0,0,0,0,0,0,0,0,0,0,0,0,0,0,0,0,0,0,0,0,0,0.256561,0.128276,0.225231,0.115498,0.0885217,0.0515493,0.0092518,0.00557541,0.00123345,0.000202277,1.84942e-05,0,0,0,0,0,0,0,0,0,0,0,0,0,0,0,0,0,0,0,0,0,0,0,0,0,0,0,0,0,0,0,0,
151,1.06465,30,-1.1072e-06,-85.9303,-5.5858e-06,0.000221877,-3.3583e-07,1,2.82032e-06,0,0,0,0,0,0,0,0,0,0,0,0,0,0,0,0,0,0,0,0,0,0,0,0,0,0,0,0,0,0,0,0,0,0,0,0,0,0,0,0,0,0,0,0,0,0,0,0,0,0,0,0,0,0,0,0,0.237268,0.14153,0.219164,0.122301,0.097608,0.0155153,0.012194,0.00225096,0.000955372,0.000295401,0.000146342,0,0,0,0,0,0,0,0,0,0,0,0,0,0,0,0,0,0,0,0,0,0,0,0,0,0,0,0,0,0,0,0,
152,1.0821,30,-1.1072e-06,-85.9303,-5.58579e-06,0.000221876,-3.35811e-07,1,1.89619e-06,0,0,0,0,0,0,0,0,0,0,0,0,0,0,0,0,0,0,0,0,0,0,0,0,0,0,0,0,0,0,0,0,0,0,0,0,0,0,0,0,0,0,0,0,0,0,0,0,0,0,0,0,0,0,0,0,0.240642,0.316613,0.181663,0.104991,0.0956221,0.0204467,0.00422664,0.00527314,0.000491901,0.000322905,0.000116827,2.19473e-05,4.92993e-06,0,0,0,0,0,0,0,0,0,0,0,0,0,0,0,0,0,0,0,0,0,0,0,0,0,0,0,0,0,0,
153,1.09956,30,-1.1072e-06,-85.9303,-5.58579e-06,0.000221876,-3.35856e-07,1,1.89716e-06,0,0,0,0,0,0,0,0,0,0,0,0,0,0,0,0,0,0,0,0,0,0,0,0,0,0,0,0,0,0,0,0,0,0,0,0,0,0,0,0,0,0,0,0,0,0,0,0,0,0,0,0,0,0,0,0,0.281821,0.158346,0.156624,0.0433227,0.0504053,0.0403733,0.0100725,0.00366408,0.00120444,0.000276327,9.00252e-05,2.32717e-05,1.9892e-06,1.2554e-05,7.43833e-05,0.000145515,0,0,0,0,0,0,0,0,0,0,0,0,0,0,0,0,0,0,0,0,0,0,0,0,0,0,0,
154,1.11701,30,-1.1072e-06,-85.9303,-5.58579e-06,0.000221876,-3.3586e-07,1,2.7753e-06,0,0,0,0,0,0,0,0,0,0,0,0,0,0,0,0,0,0,0,0,0,0,0,0,0,0,0,0,0,0,0,0,0,0,0,0,0,0,0,0,0,0,0,0,0,0,0,0,0,0,0,0,0,0,0,0.148124,0.22651,0.116379,0.202102,0.0388301,0.0675074,0.0245991,0.0164915,0.00514895,0.00104377,0.000321143,0.000100032,8.71717e-06,3.98334e-06,1.93288e-05,9.57988e-05,0.000446924,0.00130873,0,0,0,0,0,0,0,0,0,0,0,0,0,0,0,0,0,0,0,0,0,0,0,0,0,0,
155,1.13446,30,-1.10719e-06,-85.9303,-5.58579e-06,0.000221876,-3.35843e-07,1,2.4014e-06,0,0,0,0,0,0,0,0,0,0,0,0,0,0,0,0,0,0,0,0,0,0,0,0,0,0,0,0,0,0,0,0,0,0,0,0,0,0,0,0,0,0,0,0,0,0,0,0,0,0,0,0,0,0,0,0.211555,0.152802,0.158675,0.0663563,0.106548,0.0397178,0.0317038,0.0147251,0.00369884,0.0015757,0.000273133,2.38098e-05,1.22902e-05,3.29859e-06,2.36459e-05,0.000147384,0.000314689,0.00107901,0,0,0,0,0,0,0,0,0,0,0,0,0,0,0,0,0,0,0,0,0,0,0,0,0,0,
156,1.15192,30,-1.1072e-06,-85.9303,-5.58578e-06,0.000221876,-3.35823e-07,1,2.95286e-06,0,0,0,0,0,0,0,0,0,0,0,0,0,0,0,0,0,0,0,0,0,0,0,0,0,0,0,0,0,0,0,0,0,0,0,0,0,0,0,0,0,0,0,0,0,0,0,0,0,0,0,0,0,0,0,0.0345743,0.201557,0.055366,0.174341,0,0.0324118,0.0209028,0.00519826,0.00335453,0.000566927,9.60436e-05,4.25413e-05,2.62365e-06,7.4006e-06,2.6525e-05,0.00012317,0.000559446,0,0,0,0,0,0,0,0,0,0,0,0,0,0,0,0,0,0,0,0,0,0,0,0,0,0,0,
157,1.16937,30,-1.10721e-06,-85.9303,-5.58578e-06,0.000221876,-3.35796e-07,1,1.04911e-06,0,0,0,0,0,0,0,0,0,0,0,0,0,0,0,0,0,0,0,0,0,0,0,0,0,0,0,0,0,0,0,0,0,0,0,0,0,0,0,0,0,0,0,0,0,0,0,0,0,0,0,0,0,0,0,0.148794,0.126322,0.142096,0.0750874,0.0203155,0.010105,0.0113731,0.00453143,0.00194188,0.000514998,4.77089e-05,2.53641e-05,6.17411e-06,6.71394e-06,2.18188e-05,0.000107192,0.000268583,0,0,0,0,0,0,0,0,0,0,0,0,0,0,0,0,0,0,0,0,0,0,0,0,0,0,0,
158,1.18682,30,-1.10721e-06,-85.9303,-5.58578e-06,0.000221876,-3.35792e-07,1,4.37154e-06,0,0,0,0,0,0,0,0,0,0,0,0,0,0,0,0,0,0,0,0,0,0,0,0,0,0,0,0,0,0,0,0,0,0,0,0,0,0,0,0,0,0,0,0,0,0,0,0,0,0,0,0,0,0,0,0.0563864,0.0340569,0.0766284,0.0467685,0.0185335,0.00823512,0.00965598,0.00100466,0.00198552,0.00061892,6.70618e-05,5.5174e-05,9.40958e-06,3.44428e-06,3.54369e-05,8.96023e-05,0,0,0,0,0,0,0,0,0,0,0,0,0,0,0,0,0,0,0,0,0,0,0,0,0,0,0,0,
159,1.20428,30,-1.1072e-06,-85.9303,-5.58578e-06,0.000221876,-3.3576e-07,1,2.10173e-06,0,0,0,0,0,0,0,0,0,0,0,0,0,0,0,0,0,0,0,0,0,0,0,0,0,0,0,0,0,0,0,0,0,0,0,0,0,0,0,0,0,0,0,0,0,0,0,0,0,0,0,0,0,0,0,0.0819415,0.0505241,0.03157,0.0155509,0.00748494,0.00503397,0.00471527,0.000889845,0.00102742,0.000125436,6.50284e-05,3.09615e-05,3.40674e-06,3.5396e-06,1.83097e-05,9.05282e-05,0,0,0,0,0,0,0,0,0,0,0,0,0,-0,0,0,0,0,0,0,0,0,0,0,0,0,0,0,
160,1.22173,30,-1.1072e-06,-85.9303,-5.58579e-06,0.000221876,-3.35795e-07,1,1.26799e-06,0,0,0,0,0,0,0,0,0,0,0,0,0,0,0,0,0,0,0,0,0,0,0,0,0,0,0,0,0,0,0,0,0,0,0,0,0,0,0,0,0,0,0,0,0,0,0,0,0,0,0,0,0,0,0,0,0.028258,0.0173675,0.0124014,0.0125497,0.0038578,0.00322612,0.000209377,0.000196066,4.58926e-05,1.40377e-05,4.90792e-06,3.74715e-06,5.69688e-06,1.87068e-05,2.90017e-05,0,0,0,0,0,0,0,0,0,0,0,0,0,0,0,0,0,0,0,0,0,0,0,0,0,0,0,0,
161,1.23918,30,-1.10721e-06,-85.9303,-5.58578e-06,0.000221876,-3.35729e-07,1,3.0802e-06,0,0,0,0,0,0,0,0,0,0,0,0,0,0,0,0,0,0,0,0,0,0,0,0,0,0,0,0,0,0,0,0,0,0,0,0,0,0,0,0,0,0,0,0,0,0,0,0,0,0,0,0,0,0,0,0,0,0.0089975,0.00932251,0.00366604,0.000960899,0.00135227,0.000495278,0.000121881,3.07107e-05,1.49674e-05,5.07599e-06,6.77288e-06,9.21174e-06,4.10859e-06,0,0,0,0,0,0,0,0,0,0,0,0,0,0,0,0,0,0,0,0,0,0,0,0,0,0,0,0,0,
162,1.25664,30,-1.10722e-06,-85.9303,-5.58578e-06,0.000221876,-3.35771e-07,1,2.21964e-06,0,0,0,0,0,0,0,0,0,0,0,0,0,0,0,0,0,0,0,0,0,0,0,0,0,0,0,0,0,0,0,0,0,0,0,0,0,0,0,0,0,0,0,0,0,0,0,0,0,0,0,0,0,0,0,0,0,0.00493399,0.00283572,0.0020307,0.000646902,0.000275866,0.000261605,5.73812e-05,2.91889e-05,4.90762e-06,2.81221e-06,3.36796e-06,5.38432e-06,2.83724e-06,0,0,0,0,0,0,0,0,0,0,0,0,0,0,0,0,0,0,0,0,0,0,0,0,0,0,0,0.00501197,0,
163,1.27409,30,-1.10722e-06,-85.9303,-5.58579e-06,0.000221876,-3.35785e-07,1,1.68171e-06,0,0,0,0,0,0,0,0,0,0,0,0,0,0,0,0,0,0,0,0,0,0,0,0,0,0,0,0,0,0,0,0,0,0,0,0,0,0,0,0,0,0,0,0,0,0,0,0,0,0,0,0,0,0,0,0,0,0,0.00247473,0.000593132,0.000694815,0.000335688,6.5298e-05,2.39098e-05,1.51108e-05,1.46993e-05,7.16808e-06,6.45982e-06,3.59939e-06,6.16852e-06,0,0,0,0,0,0,0,0,9.78558e-06,1.62558e-05,0,0,0,0,0,0,0,0,0,0,0,0,0,0,0,0.00778831,0.0101377,0.00769484,0,
164,1.29154,30,-1.10722e-06,-85.9303,-5.58579e-06,0.000221876,-3.35813e-07,1,3.862e-06,0,0,0,0,0,0,0,0,0,0,0,0,0,0,0,0,0,0,0,0,0,0,0,0,0,0,0,0,0,0,0,0,0,0,0,0,0,0,0,0,0,0,0,0,0,0,0,0,0,0,0,0,0,0,0,0,0,0,0,0.00024896,0.000304001,0.000100982,5.3076e-05,1.48237e-05,1.21327e-05,4.54e-05,2.08509e-05,2.31255e-05,1.21077e-05,1.21161e-05,0,0,0,0,6.82022e-06,6.8004e-06,6.71362e-06,7.88293e-06,4.05476e-06,1.43702e-05,3.10637e-05,0,0,0,0,0,0,0,0,0,0,0,0,0,0,0.0106047,0.0137233,0.0217512,0,
165,1.309,30,-1.10722e-06,-85.9303,-5.58579e-06,0.000221876,-3.3585e-07,1,9.89816e-07,0,0,0,0,0,0,0,0,0,0,0,0,0,0,0,0,0,0,0,0,0,0,0,0,0,0,0,0,0,0,0,0,0,0,0,0,0,0,0,0,0,0,0,0,0,0,0,0,0,0,0,0,0,0,0,0,0,0,0,0,0.00023218,0.000111052,0,0,6.25892e-05,7.37767e-05,1.60333e-05,4.09706e-05,6.68219e-06,2.45057e-05,0,0,2.35685e-05,3.05015e-05,1.39425e-05,5.23539e-05,5.61391e-05,5.36066e-05,1.48314e-05,5.02704e-06,7.44825e-06,1.08814e-05,0,0,0,0,0,0,0,0,0,0,0,0,0.0131078,0.0229988,0.0414726,0.0147068,0,
166,1.32645,30,-1.10721e-06,-85.9303,-5.58578e-06,0.000221876,-3.35837e-07,1,3.61737e-06,0,0,0,0,0,0,0,0,0,0,0,0,0,0,0,0,0,0,0,0,0,0,0,0,0,0,0,0,0,0,0,0,0,0,0,0,0,0,0,0,0,0,0,0,0,0,0,0,0,0,-0,0,0,0,0,0,0,0,0,0,0.0001273,6.84075e-05,0,0,0,0,0,0,0,0,0,0,7.32226e-05,0.000182684,0.000342492,0.000252646,0.000146069,0.000340376,6.97793e-05,8.87675e-06,5.5359e-06,1.2373e-05,1.59828e-05,0,0,0,0,0,0,0,0,0,0,0,0,0.0188261,0.0444416,0.0873037,0,
167,1.3439,30,-1.10721e-06,-85.9303,-5.58578e-06,0.000221876,-3.35812e-07,1,1.40428e-06,0,0,0,0,0,0,0,0,0,0,0,0,0,0,0,0,0,0,0,0,0,0,0,0,0,0,0,0,0,0,0,0,0,0,0,0,0,0,0,0,0,0,0,0,0,0,0,0,0,0,0,0,0,0,0,0,0,0,0,0,0,0,0,0,0,0,0,0,0,0,0,0,0.000521307,0.000496942,0.00131217,0.0022723,0.00130211,0.00139992,0.000213454,6.88007e-05,8.97599e-06,2.76519e-06,1.80359e-05,0,0,0,0,0,0,0,0,0,0,0,0,0.0529519,0.0388392,0.0381446,0,
168,1.36136,30,-1.10722e-06,-85.9303,-5.58579e-06,0.000221876,-3.35793e-07,1,2.6845e-07,0,0,0,0,0,0,0,0,0,0,0,0,0,0,0,0,0,0,0,0,0,0,0,0,0,0,0,0,0,0,0,0,0,0,0,0,0,0,0,0,0,0,0,0,0,0,0,0,0,0,0,0,0,0,0,0,0,0,0,0,0,0,0,0,0,0,0,0,0,0,0,0,0.000786189,0.00106282,0.00186671,0.00260992,0.00205722,0.000176272,0.000598355,0.000226193,5.77126e-05,1.2528e-05,4.30727e-06,5.75708e-06,0,0,0,0,0,0,0,0,0,0,0,0.0309867,0.0532798,0.0496524,0,
169,1.37881,30,-1.10722e-06,-85.9303,-5.58578e-06,0.000221876,-3.35794e-07,1,1.72074e-06,0,0,0,0,0,0,0,0,0,0,0,0,0,0,0,0,0,0,0,0,0,0,0,0,0,0,0,0,0,0,0,0,0,0,0,0,0,0,0,0,0,0,0,0,0,0,0,0,0,0,0,0,0,0,0,0,0,0,0,0,0,0,0,0,0,0,0,0,0,0,0,0,0.000801634,0.00116566,0.00210848,0.0013859,0.00576104,0.00182059,0.000711786,0.00029934,3.77112e-05,2.385e-05,8.16034e-06,3.58229e-06,0,0,0,0,0,0,0,0,0,0,0,0.0206124,0.0479946,0.0807636,0,
170,1.39626,30,-1.10722e-06,-85.9303,-5.58578e-06,0.000221876,-3.35804e-07,1,2.28415e-06,0,0,0,0,0,0,0,0,0,0,0,0,0,0,0,0,0,0,0,0,0,0,0,0,0,0,0,0,0,0,0,0,0,0,0,0,0,0,0,0,0,0,0,0,0,0,0,0,0,0,0,0,0,0,0,0,0,0,0,0,0,0,0,0,0,0,0,0,0,0,0,0,0.00102411,0.00176669,0.00265589,0.00604119,0.00327399,0.00176807,0.00100084,0.000173766,8.15573e-05,1.72745e-05,8.64028e-06,1.84637e-06,0,0,0,0,0,0,0,0,0,0,0,0,0.0342784,0.140415,0,
171,1.41372,30,-1.10723e-06,-85.9303,-5.58578e-06,0.000221876,-3.35819e-07,1,1.50718e-06,0,0,0,0,0,0,0,0,0,0,0,0,0,0,0,0,0,0,0,0,0,0,0,0,0,0,0,0,0,0,0,0,0,0,0,0,0,0,0,0,0,0,0,0,0,0,0,0,0,0,0,0,0,0,0,0,0,0,0,0,0,0,0,0,0,0,0,0,0,0,0,0,0,0.00347072,0.00278858,0.00550298,0.00707112,0.00230759,0.000657797,0.000186008,9.54081e-05,6.01761e-06,5.58351e-06,2.57229e-06,0,0,0,0,0,0,0,0,0,0,0,0,0,0.15633,0,
172,1.43117,30,-1.10723e-06,-85.9303,-5.58578e-06,0.000221876,-3.35822e-07,1,1.13588e-06,0,0,0,0,0,0,0,0,0,0,0,0,0,0,0,0,0,0,0,0,0,0,0,0,0,0,0,0,0,0,0,0,0,0,0,0,0,0,0,0,0,0,0,0,0,0,0,0,0,0,0,0,0,0,0,0,0,0,0,0,0,0,0,0,0,0,0,0,0,0,0,0,0,0.00287889,0.00643989,0.00982618,0.00262035,0.00158817,0.000807028,0.000288432,0.00011735,2.98285e-05,8.01881e-06,0,0,0,0,0,0,0,0,0,0,0,0,0,0,0,0,
173,1.44862,30,-1.10722e-06,-85.9303,-5.58579e-06,0.000221876,-3.3584e-07,1,2.06095e-06,0,0,0,0,0,0,0,0,0,0,0,0,0,0,0,0,0,0,0,0,0,0,0,0,0,0,0,0,0,0,0,0,0,0,0,0,0,0,0,0,0,0,0,0,0,0,0,0,0,0,0,0,-0,0,0,0,0,0,0,0,0,0,0,0,0,0,0,0,0,0,0,0,0,0.00120541,0.00185197,0.00930872,0.01027,0.00181509,0.000674975,0.000447078,0.000100833,2.8501e-05,6.52942e-06,0,0,0,0,0,0,0,0,0,-0,0,0,0,0,0,0,
174,1.46608,30,-1.10721e-06,-85.9303,-5.58581e-06,0.000221876,-3.35839e-07,1,3.56742e-06,0,0,0,0,0,0,0,0,0,0,0,0,0,0,0,0,0,0,0,0,0,0,0,0,0,0,0,0,0,0,0,0,0,0,0,0,0,0,0,0,0,0,0,0,0,0,0,0,0,0,0,0,0,0,0,0,0,0,0,0,0,0,0,0,0,0,0,0,0,0,0,0,0,0.00153612,0.00181258,0.000951342,0.0086488,0.00322349,0.00100089,0.000283605,3.57019e-05,3.96792e-05,1.4792e-05,0,0,0,0,0,0,0,0,0,0,0,0,0,0,0,0,
175,1.48353,30,-1.10721e-06,-85.9303,-5.58579e-06,0.000221876,-3.35857e-07,1,1.47123e-06,0,0,0,0,0,0,0,0,0,0,0,0,0,0,0,0,0,0,0,0,0,-0,0,0,0,0,0,0,0,0,0,0,0,0,0,0,0,0,0,0,0,0,0,0,0,0,0,0,0,0,0,0,0,0,0,0,0,0,0,0,0,0,0,0,0,0,4.92512e-05,4.68038e-05,0,0,0,0,0,0.000487547,0.000780389,0.00345349,0.00256221,0.00231147,0.00156759,0.000400324,0.000107499,7.49848e-05,0,0,0,0,0,0,0,0,0,0,0,0,0,0,0,0.0893144,0,
176,1.50098,30,-1.10722e-06,-85.9303,-5.58578e-06,0.000221876,-3.35869e-07,1,1.09451e-06,0,0,0,0,0,0,0,0,0,0,0,0,0,0,0,0,0,0,0,0,0,0,0,0,0,0,0,0,0,0,0,0,0,0,0,0,0,0,0,0,0,0,0,0,0,0,0,0,0,0,0,0,0,0,0,0,0,0,0,0,0,0,0,0,0,4.37896e-05,6.96753e-05,5.67121e-05,0,0,0,0,0,0,0,0.000892115,0.00089013,0.00236912,0.00188935,0.000918954,0.000176529,0.000102817,3.76861e-05,0,0,0,0,0,0,0,0,0,0,0,0,0,0.133135,0.170459,0,
177,1.51844,30,-1.10721e-06,-85.9303,-5.58578e-06,0.000221876,-3.35788e-07,1,2.12221e-06,0,0,0,0,0,0,0,0,0,0,0,0,0,0,0,0,0,0,0,0,0,0,0,0,0,0,0,0,0,0,0,0,0,0,0,0,0,0,0,0,0,0,0,-0,0,0,0,0,0,0,0,0,0,0,0,0,0,0,0,0,0,0,0,0.000627734,0.000344174,0.000169812,4.90517e-05,2.04314e-05,0,0,0,0,0,0,0,0,0.000433435,0.000657114,0.000745436,0.000591868,0.000220391,0.00010188,6.08083e-05,0,0,0,0,0,0,0,0,0,0,0,0.034112,0.0418463,0.182523,0.150787,0,
178,1.53589,30,-1.10721e-06,-85.9303,-5.58578e-06,0.000221876,-3.35747e-07,1,2.81153e-06,0,0,0,0,0,0,0,0,0,0,-0,0,0,0,0,0,0,0,0,0,0,0,0,0,0,0,0,0,0,0,0,0,0,0,0,0,0,0,0,0,0,0,0,0,0,0,0,0,0,0,0,0,0,0,0,0,0,0,0,0,0,0,0.00052859,0.000754965,0.000317883,9.1619e-05,6.45467e-05,1.9797e-05,0,0,0,0,0,0,0,0,0,0,0.000310879,0.000439634,0.000337598,0.000115402,6.83574e-05,0,0,0,0,0,0,0,0,0,0.0119539,0.0335867,0.0638805,0.0989924,0.265453,0.238455,0,
179,1.55334,30,-1.10722e-06,-85.9303,-5.58575e-06,0.000221876,-3.35735e-07,1,2.74339e-06,0,0,0,0,0,0,0,0,0,0,0,0,0,0,0,0,0,0,0,0,0,0,0,0,0,0,0,0,0,0,0,0,0,0,0,0,0,0,0,0,0,0,0,0,0,0,0,0,0,0,0,0,0,0,0,0,0,0,0,0,0,0.0012724,0.0013417,0.000577029,8.38712e-05,8.15022e-05,3.7053e-05,2.95302e-05,0,0,0,0,0,0,0,0,0,0,0,0,8.85714e-05,0.000131583,7.98485e-05,0,0,0,0,0,0,0,0,0.00541669,0.00837701,0.0443623,0.141668,0.196229,0.255078,0.206415,0,
180,1.53589,30,-1.10722e-06,-85.9303,-5.58575e-06,0.000221876,-3.35724e-07,1,2.88229e-06,0,0,0,0,0,0,0,0,0,0,0,0,0,0,0,0,0,0,0,0,0,0,0,0,0,0,0,0,0,0,0,0,0,0,0,0,0,0,0,0,0,-0,0,0,0,0,0,0,0,0,0,0,0,0,0,0,0,0,0,0,0,0,0.00098072,0.000453281,0.000379254,9.68538e-05,5.06368e-05,3.11489e-05,0,0,0,0,0,0,0,0,0,0,0.000370189,0.000243776,0.000299904,0.000117925,6.84345e-05,0,0,0,0,0,0,0,0,0,0.019108,0.0200225,0.059573,0.122359,0.394193,0.170538,0,
181,1.51844,30,-1.10722e-06,-85.9303,-5.58578e-06,0.000221876,-3.3572e-07,1,1.30326e-06,0,0,0,0,0,0,0,0,0,0,0,0,0,0,0,0,0,0,0,0,0,0,0,0,0,0,0,0,0,0,0,0,0,0,0,0,0,0,0,0,0,0,0,0,0,0,0,0,0,0,0,0,0,0,0,0,0,0,0,0,0,0,0,0.000433596,0.000362455,8.36652e-05,5.81002e-05,1.87146e-05,0,0,0,0,0,0,0,0,0.000752968,0,0.000633435,0.000751374,0.000250617,7.63312e-05,3.10969e-05,0,0,0,0,0,0,0,0,0,0,0,0.0409473,0.0738195,0.191805,0.18613,0,
182,1.50098,30,-1.10722e-06,-85.9303,-5.58578e-06,0.000221876,-3.35713e-07,1,2.58002e-06,0,0,0,0,0,0,0,0,0,0,0,0,0,0,0,0,0,0,0,0,0,0,0,0,0,0,0,0,0,0,0,0,0,0,0,0,0,0,0,0,0,0,0,0,0,0,0,0,0,0,0,0,0,0,0,0,0,0,0,0,0,0,0,0,0,0.000140188,6.07256e-05,3.57269e-05,0,0,0,0,0,0,0,0.00216803,0.00137804,0.00165294,0.000916033,0.000903564,0.000231224,6.24508e-05,4.28279e-05,0,0,0,0,0,0,0,0,0,0,0,0,0,0.129564,0.212427,0,
183,1.48353,30,-1.10721e-06,-85.9303,-5.58579e-06,0.000221876,-3.35702e-07,1,2.90588e-06,0,0,0,0,0,0,0,0,0,0,0,0,0,0,0,0,0,0,0,0,0,0,0,0,0,0,0,0,0,0,0,0,0,0,0,0,0,0,0,0,0,0,0,0,0,0,0,0,0,0,0,0,0,0,0,0,0,0,0,0,0,0,0,0,0,0,7.83015e-05,3.4923e-05,0,0,0,0,0,0.000880187,0.00151422,0.00275883,0.00435344,0.00545602,0.000722901,0.000408129,8.66745e-05,3.08838e-05,0,0,0,0,0,0,0,0,0,0,0,0,0,0,0,0.11356,0,
184,1.46608,30,-1.10721e-06,-85.9303,-5.58577e-06,0.000221876,-3.35722e-07,1,2.96901e-06,0,0,0,0,0,0,0,0,0,0,0,0,0,0,0,0,0,0,0,0,0,0,0,0,0,0,0,0,0,0,0,0,0,0,0,0,0,0,0,0,0,0,0,0,0,0,0,0,0,0,0,0,0,0,0,0,0,0,0,0,0,0,0,0,0,0,0,0,0,0,0,0,0,0.00209742,0.002585,0.00323115,0.00614104,0.00255428,0.000941674,0.000256335,7.26318e-05,2.4345e-05,1.06399e-05,0,0,0,0,0,0,0,0,0,0,0,0,0,0,0,0,
185,1.44862,30,-1.10723e-06,-85.9303,-5.58578e-06,0.000221876,-3.35738e-07,1,1.88133e-06,0,0,0,0,0,0,0,0,0,0,0,0,0,0,0,0,0,0,0,0,0,0,0,0,0,0,0,0,0,0,0,0,0,0,0,0,0,0,0,0,0,0,0,0,0,0,0,0,0,0,0,0,0,0,0,0,0,0,0,0,0,0,0,0,0,0,0,0,0,0,0,0,0,0.00280257,0.0051913,0.0128737,0.0127892,0.00363308,0.000537736,0.000253651,7.08269e-05,3.47766e-05,1.0376e-05,0,0,0,0,0,0,0,0,0,0,0,0,0,0,0,0,
186,1.43117,30,-1.10723e-06,-85.9303,-5.58576e-06,0.000221876,-3.35745e-07,1,2.19993e-06,0,0,0,0,0,0,0,0,0,0,0,0,0,0,0,0,0,0,0,0,0,0,0,0,0,0,0,0,0,0,0,0,0,0,0,0,0,0,0,0,0,0,0,0,0,0,0,0,0,0,0,0,0,0,0,0,0,0,0,0,0,0,0,0,0,0,0,0,0,0,0,0,0,0.00133668,0.00758094,0.00852941,0.0113555,0.00120489,0.000487819,0.000285306,6.93014e-05,1.9979e-05,1.01093e-05,0,0,0,0,0,0,0,0,0,0,0,0,0,0,0,0,
