frame,angle_head,position_x,position_y,position_z,orientation_x,orientation_y,orientation_z,orientation_w,raw
0,-1.309,0,0,0,0,0,0,0,2.18726e-06,0,0,0,0,0,0,0,0,0,0,0,0,0,0,0,0,0,0,0,0,0,0,0,0,0,0,0,0,0,0,0,0,0,0,0,0,0,0,0,0,0,0,0,0,0,0,0,0,0,0,0,0,0,0,0,0,0,0,0,0,0,0,0,0,0,0,0,0,0,0,0,0,0,0,0,0,0,0,0,0,0,0,0,0,0,0,0,0,0,0,0,0,0,0,0,0,0,0,0,
1,-1.29154,30,-2.0003e-06,-87,-1.69446e-05,0.000220415,0.0499792,0.99875,1.7844e-06,0,0,0,0,0,0,0,0,0,0,0,0,0,0,0,0,0,0,0,0,0,0,0,0,0,0,0,0,0,0,0,0,0,0,0,0,0,0,0,0,0,0,0,0,0,0,0,0,0,0,0,0,0,0,0,0,0,0,0,0,0.0131496,0.00304367,0.0287229,0.019538,0.025034,0.000786718,0.0720389,0.00315859,0.0234818,0.00128251,0.0259159,0.00834662,0.00506133,0.00339168,0.0019195,0.00805849,0.0239042,0.00318932,0.0398491,0.00805581,0.0243308,0.0137308,0,0,0,0,0,0,0.0350889,0.0954035,0.0473598,0.0368278,0.0382011,0.0534289,0.0192567,0.0283036,0.0419792,0.0329163,0,
2,-1.27409,30,-2.0003e-06,-87,-1.69446e-05,0.000220415,0.0499792,0.99875,3.81244e-06,0,0,0,0,0,0,0,0,0,0,0,0,0,0,0,0,0,0,0,0,0,0,0,0,0,0,0,0,0,0,0,0,0,0,0,0,0,0,0,0,0,0,0,0,0,0,0,0,0,0,0,0,0,0,0,0,0,0,0,0,0.0205516,0.00203218,0.0200668,0.062545,0.0148476,0.00328613,0.00718157,0.000941598,0.000177628,0.00156914,0.00473001,0.0344534,0.0119116,0.00202092,0.0107847,0.0149543,0.00776487,0.00519691,0.0242838,0.0266727,0.0204046,4.86626e-05,0.0179949,0.0641039,0.073492,0.0488002,0.0354534,0.0273973,0.0625227,0.0481684,0.0392553,0.0375482,0.0275407,0.00919351,0.0199979,0.0773787,0.00862,0.0125869,0,
3,-1.25664,30,-2.0003e-06,-87,-1.69446e-05,0.000220415,0.0499792,0.99875,0,0,0,0,0,0,0,0,0,0,0,0,0,0,0,0,0,0,0,0,0,0,0,0,0,0,0,0,0,0,0,0,0,0,0,0,0,0,0,0,0,0,0,0,0,0,0,0,0,0,0,0,0,0,0,0,0,0,0,0,0,0.0268514,0.00971407,0.00275709,0.00151977,0.0247899,0.0100742,0.00145881,0.0027802,0.00958328,0.000594965,0.00371232,0.00648525,0.00947301,0.00331032,0.000458124,0.00680638,0.00656456,0.00324222,0.0332833,0.022909,0.0245688,0.00761191,0.0280659,0.0560343,0.0246233,0.044956,0.0197423,0.0646434,0.0371777,0.0565949,0.0303487,0.0238353,0.0214437,0.0300987,0.0639303,0.0123606,0.0324736,0.0585989,0,
4,-1.23918,30,-2.0003e-06,-87,-1.69446e-05,0.000220415,0.0499792,0.99875,2.42301e-06,0,0,0,0,0,0,0,0,0,0,0,0,0,0,0,0,0,0,0,0,0,0,0,0,0,0,0,0,0,0,0,0,0,0,0,0,0,0,0,0,0,0,0,0,0,0,0,0,0,0,0,0,0,0,0,0,0,0,0,0,0.0855433,0.0273894,0.00139435,0.0112091,0.000754699,0.00240371,0.00246965,0.00792456,0.0274584,0.009439,0.00173339,0.00590146,0.0514518,0.0223648,0.00125853,0.00197765,0.00205327,0.020132,0.0131515,0.0246326,0.0154024,0.0167774,0.00779954,0.0511104,0.0226788,0.0117633,0.0257465,0.034613,0.0278403,0.002081,0.0272255,0.0416302,0.0493644,0.0519864,0.0626801,0.0478148,0.0455454,0.0308077,0,
5,-1.22173,30,-2.00029e-06,-87,-1.69446e-05,0.000220415,0.0499792,0.99875,3.78019e-06,0,0,0,0,0,0,0,0,0,0,0,0,0,0,0,0,0,0,0,0,0,0,0,0,0,0,0,0,0,0,0,0,0,0,0,0,0,0,0,0,0,0,0,0,0,0,0,0,0,0,0,0,0,0,0,0,0,0,0,0,0.00889373,0.012235,0.00142115,0.00174239,0.00447195,0.00193225,0.00255743,0.00245151,0.0035331,0.00186091,0.0211172,0.0254027,0.00773916,0.00849237,0.0217453,0.002627,0.00962844,0.0139755,0.0139589,0.0225706,0.00836267,0.0122544,0.0338257,0.0692538,0.0243264,0.0364896,0.0183223,0.0164583,0.016696,0.0119507,0.0507189,0.02016,0.0246733,0.0477273,0.0790456,0.0260155,0.033217,0.0992042,0,
6,-1.20428,30,-2.0003e-06,-87,-1.69446e-05,0.000220415,0.0499792,0.99875,2.39078e-06,0,-0,0,0,0,0,0,0,0,0,0,0,0,0,0,0,0,0,0,0,0,0,0,0,0,0,0,0,0,0,0,0,0,0,0,0,0,0,0,0,0,0,0,0,0,0,0,0,0,0,0,0,0,0,0,0,0,0,0,0,0.00039767,0.00779272,0.00706202,0.000741474,0.0147481,0.0425898,0.00427716,0.00819573,0.0054774,0.00734935,0.00532477,0.0011071,0.00934451,0.00277346,0.00415074,0.00815236,0.0351631,0.0202997,0.0226657,0.0397696,0.00708465,0.0314351,0.0311445,0.0248234,0.0340715,0.0127846,0.00321831,0.0182532,0.0167162,0.041355,0.0511077,0.0450986,0.0134247,0.0101787,0.0732842,0.0310973,0.0377243,0.0342754,0,
7,-1.18682,30,-2.00029e-06,-87,-1.69446e-05,0.000220415,0.0499792,0.99875,1.50862e-06,0,0,0,0,0,0,0,0,0,0,0,0,0,0,0,0,0,0,0,0,0,0,0,0,0,0,0,0,0,0,0,0,0,0,0,0,0,0,0,0,0,-0,0,0,0,0,0,0,0,0,-0,0,0,0,0,0,0,0,0,0,0.0111141,0.00769829,0.027369,0.0102377,0.00947605,0.0358913,0.0278979,0.0327861,0.00984943,0.00171774,0.00109027,0.0024175,0.00272477,0.0154959,0.00709462,0.0107594,0.00527475,0.0189723,0.0223277,0.0138058,0.00759185,0.00420943,0,0.0289527,0.0425381,0.0216702,0.0108663,0.030476,0.0174387,0.038256,0.0385009,0.0112751,0,0,0,0,0,0,0,
8,-1.16937,30,-2.00031e-06,-87,-1.69446e-05,0.000220415,0.0499792,0.99875,3.95968e-06,0,0,0,0,0,0,0,0,0,0,0,0,0,0,0,0,0,0,0,0,0,0,0,0,0,0,0,0,0,-0,0,0,0,0,0,0,0,0,0,0,0,0,0,0,0,0,0,0,0,0,0,0,0,0,0,0,0,0,0,0,0.00838709,0.00378543,0.000940976,0.00257865,0.00996125,0.00713101,0.00654359,0.0053789,0.00296463,0.0199116,0.00320636,0.000472045,0.0021469,0.012615,0.00446788,0.0102789,0.0155201,0.00323505,0.00774155,0.0382945,0.0188148,0.030621,0.00246557,0.000458795,0.0284895,0.0297715,0.0755338,0.0335173,0.018699,0.0562321,0.0432922,0.0512489,0.0115348,0,0,0,0,0,0,
9,-1.15192,30,-2.0003e-06,-87,-1.69446e-05,0.000220415,0.0499792,0.99875,3.00174e-06,0,0,0,0,0,0,0,0,0,0,0,0,0,0,0,0,0,0,0,0,0,0,0,0,0,0,0,0,0,0,0,0,0,0,0,0,0,0,0,0,0,0,0,0,0,0,0,0,0,0,0,0,0,0,0,0,0,0,0,0,0.0168747,0.0191339,0.00218842,0.00690698,0.00902948,0.00258276,0.00310246,0.000608942,0.00185385,0.00833289,0.00403975,0.000856079,0.00558027,0.0125115,0.0206801,0.00536201,0.0324559,0.00696404,0.0244643,0.0328705,0.0483994,0,0,0.0218891,0.0095801,0.0240466,0.0730557,0.0410091,0.041067,0.0492614,0.0418562,0.0825753,0.0134719,0.0826262,0,0,0,0,0,
10,-1.13446,30,-2.0003e-06,-87,-1.69446e-05,0.000220415,0.0499792,0.99875,3.83904e-06,0,0,0,0,0,0,0,0,0,0,0,0,0,0,0,0,0,0,0,0,0,0,0,0,0,0,0,0,0,0,0,0,0,0,0,0,0,0,0,0,0,0,0,0,0,0,0,0,0,0,0,0,0,0,0,0,0,0,0,0,0.0124707,0.0116493,0.00341278,0.0208295,0.0122706,0.00503255,0.00010156,0.00388084,0.000632323,0.0147207,0.00101849,0.00440286,0.0106182,0.00166885,0.00838287,0.0275477,0.0196789,0.027605,0.00250007,0,0,0,0,0.0316128,0.0131387,0.0414728,0.0770538,0.00838368,0.0391971,0.0344289,0.0205295,0.0644373,0.0693275,0.0783182,0,0,0,0,0,
11,-1.11701,30,-2.00029e-06,-87,-1.69446e-05,0.000220415,0.0499792,0.99875,1.92166e-06,0,0,0,0,0,0,0,0,0,0,0,0,0,0,0,0,0,0,0,0,0,0,0,0,0,0,0,0,0,0,0,0,0,0,0,0,0,0,0,0,0,0,0,0,0,0,0,0,0,0,0,0,0,0,0,0,0,0,0,0,0.00822368,0.0335516,0.0494432,0.0125062,0.0128148,0.00681547,0.00721359,0.0163793,0.0115916,0.0049298,0.00336585,0.0100759,0.00283239,0.00602371,0.0139564,0.00571522,0.0177062,0.044226,0,0,0,0,0.00671215,0.0194146,0.0500521,0.065473,0.0397599,0.0227059,0.0354618,0.0803621,0.066193,0.0412523,0,0,0,0,0,0,0,
12,-1.09956,30,-2.00027e-06,-87,-1.69447e-05,0.000220415,0.0499792,0.99875,2.90631e-06,0,0,0,0,0,0,0,0,0,0,0,0,0,0,0,0,0,0,0,0,0,0,0,0,0,0,0,0,0,0,0,0,0,0,0,0,0,0,0,0,0,0,0,0,0,0,0,0,0,0,0,0,0,0,0,0,0,0,0,0,0.0485095,0.00638729,0.0150388,0.00120597,0.00575732,0.00351682,0.00325194,0.00511669,0.0460018,0.0165213,0.00905359,0.00180422,0.00208058,0.0103644,0.00317885,0.0186632,0.00349017,0.0624337,0.0243843,0,0,0,0.0251397,0.0184004,0.00446701,0.0147268,0.0884065,0.00676226,0.000360339,0,0,0,0,0,0,0,0,0,0,
13,-1.0821,30,-2.00027e-06,-87,-1.69446e-05,0.000220415,0.0499792,0.99875,2.12485e-06,0,0,0,0,0,0,0,0,0,0,0,0,0,0,0,0,0,0,0,0,0,0,0,0,0,0,0,0,0,0,0,0,0,0,0,0,0,0,0,0,0,0,0,0,0,0,0,0,0,0,0,0,0,0,0,0,0,0,-0,0,0.0175113,0.0738541,0.00251384,0.00109092,0.00214897,0.00550841,0.00300846,0.0138814,0.0630216,0.0664116,0.00995595,0.00795345,0.000147242,0.000471569,0.00965951,0.00305366,0.00341679,0.0518826,0.085099,2.32607e-05,0,0.0660778,0.0352745,0.0196097,0.0129718,0.0221781,0.0462653,0.0366657,0.0458623,0,0,0,0,0,0,0,0,0,0,
14,-1.06465,30,-2.00028e-06,-87,-1.69446e-05,0.000220415,0.0499792,0.99875,2.98714e-06,0,0,0,0,0,0,0,0,0,0,0,0,0,0,0,0,0,0,0,0,0,0,0,0,0,0,0,0,0,0,0,0,0,0,0,0,0,0,0,0,0,0,0,0,0,0,0,0,0,0,0,0,0,0,0,0,0,0,0,0,0.0189586,0.0043319,0.00279206,0.00210647,0.00128803,0.00817184,0.00299237,0.00877733,0.00446981,0.0150346,0.0120237,0.00117625,0.00562948,0.00427138,0.0210976,0.000915346,0.0186592,0.0114273,0.0330782,0.00182088,0.000661031,0.0655579,0.0662871,0.0190658,0.0320032,0.0244601,0.0276541,0.088812,0.0558168,0.0425049,0,0,0,0,0,0,0.0381336,0.0558488,0,
15,-1.0472,30,-2.00026e-06,-87,-1.69447e-05,0.000220415,0.0499792,0.99875,3.74013e-06,0,0,0,0,0,0,0,0,0,0,0,0,0,0,0,0,0,0,0,0,0,0,0,0,0,0,0,0,0,0,0,0,0,0,0,0,0,0,0,0,0,0,0,0,0,0,0,0,0,0,0,0,0,0,0,0,0,0,0,0,0.0041359,0.00796748,0.00164605,0.0043035,0.0397904,0.0232984,0.00469059,0.00552084,0.0021323,0.000105869,0.0204547,0.000467176,0.0121562,0.00421168,0.0292129,0.0336317,0.0180311,0.0209754,0.0134865,0.0173608,0.0123027,0.0107323,0.0272082,0.0930369,0.00801236,0.0485475,0.0207798,0.0164082,0.0797938,0.0891604,0.0123108,0,0,0,0.0386747,0.0523541,0.0807123,0.0494805,0,
16,-1.02974,30,-2.00027e-06,-87,-1.69446e-05,0.000220415,0.0499792,0.99875,2.75328e-06,0,0,0,0,0,0,0,0,0,0,0,0,0,0,0,0,0,0,0,0,0,0,0,0,0,0,0,0,0,0,0,0,0,0,0,0,0,0,0,0,0,0,0,0,0,0,0,0,0,0,0,0,0,0,0,0,0,0,0,0,0.0330054,0.00100931,0.0153956,0.00580165,0.00938993,0.0415855,0.0180093,0.001743,0.0025237,0.00140031,0.000881038,0.00717231,0.00387028,0.00489762,8.75173e-06,0.00774863,0.00783234,0.0289351,0.0309886,0.00425143,0.0248859,0.0201919,0.0136761,0,0,0,0,0,0,0,0,0,0,0.0347009,0.0674097,0.084216,0.0253921,0.0682839,0,
17,-1.01229,30,-2.00028e-06,-87,-1.69446e-05,0.000220415,0.0499792,0.99875,7.57441e-07,0,0,0,0,0,0,0,0,0,0,0,0,0,0,0,0,0,0,0,0,0,0,0,0,0,0,0,0,0,0,0,0,0,0,0,0,0,0,0,0,0,0,0,0,0,0,0,0,0,0,0,0,0,0,0,0,0,0,0,0.000192257,0.0177877,0.00680828,0.00842369,0.000456772,0.00174942,0.0138676,0.0103783,0.00195611,0.000832954,0.00621186,0.00449926,0.00110535,0.00561776,0.00741502,0.0114795,0.0193217,0.000843997,0.0120851,0.0672583,0.00564375,0.0195966,0.0500029,0.00231838,0.0230175,0,0,0,0,0,0,0,0,0,0.00754413,0.0164807,0.00954993,0.04447,0.079598,0,
18,-0.994838,30,-2.00029e-06,-87,-1.69446e-05,0.000220415,0.0499792,0.99875,1.27473e-06,0,0,0,0,0,0,0,0,0,0,0,0,0,0,0,0,0,0,0,0,0,0,0,0,0,0,0,0,0,0,0,0,0,0,0,0,0,0,0,0,0,0,0,0,0,0,0,0,0,0,0,0,0,0,0,0,0,0,0.0278851,0.0016938,0.0045864,0.000533389,0.00227141,0.0232276,0.00325065,0.00425493,0.00173556,0.00634377,0.00473359,0.0232547,0.0128803,0.0204548,0.00801125,0.017328,0.0100664,0.0100351,0.0325595,0.0360897,0.0386173,0.0173175,0.0224425,0.0180286,0.000556258,0.030233,8.34472e-05,0,0,0,0,0.0253464,0.0580082,0.05166,0.0853307,0.0187402,0.0154196,0.0426839,0.0345701,0.0529581,0,
19,-0.977384,30,-2.00029e-06,-87,-1.69446e-05,0.000220415,0.0499792,0.99875,2.91613e-06,0,0,0,0,0,-0,0,0,0,0,0,0,0,0,0,0,0,0,0,0,0,0,0,0,0,0,0,0,0,0,0,0,0,0,0,0,0,0,0,0,0,0,0,0,0,0,0,0,0,0,0,0,0,0,0,0,0,0,0.0171538,0.0304018,0.0115942,0.00116326,0.00059835,0.00238434,0.00633025,0.00173172,0.00366627,0.00193567,0.0121774,0.00398736,0.00274799,0.00852915,0.0107791,0.0128503,0.00887792,0.0436557,0.046584,0.0137089,0.0295438,0.0297423,0.0183908,0.0306595,0.0686384,0.0460495,0.0120026,0.0395779,0.013879,0.0330973,0.0851363,0.0714645,0.0515984,0.0781471,0.0753608,0.0079699,0.0265384,0.01596,0.061522,0.0282605,0,
20,-0.959931,30,-2.00027e-06,-87,-1.69447e-05,0.000220415,0.0499792,0.99875,1.59711e-06,0,0,0,0,0,0,0,0,0,0,0,0,0,0,0,0,0,0,0,0,0,0,0,0,0,0,0,0,0,0,0,0,0,0,0,0,0,0,0,0,0,0,0,0,0,0,0,0,0,0,0,0,0,0,0,0,0,0.00451382,0.0131572,0.0711418,0.00676907,0.00106396,0.00133111,0.00736516,0.00134431,0.0109954,0.0316516,0.0126971,0.00672428,0.00124409,5.18583e-05,0.000615002,0,0.0718529,0.00968345,0.00947054,0.00695147,0.0279025,0.00715839,0.017155,0.0157872,0.0121005,0.0347378,0.0303337,0.0390489,0.0635983,0,0.00508828,0.00845389,0.0786159,0.046451,0.0434811,0.00796198,0.0463038,0.0775958,0.0117558,0.035794,0.0255097,0,
21,-0.942478,30,-2.00027e-06,-87,-1.69446e-05,0.000220415,0.0499792,0.99875,2.66686e-06,0,0,0,0,0,0,0,0,0,0,0,0,0,0,0,0,0,0,0,0,0,0,0,0,0,0,0,0,0,0,0,0,0,0,0,0,0,0,0,0,0,0,0,0,0,0,0,0,0,0,0,0,0,0,0,0,0,0.0376061,0.0329563,0.00468596,0.00765609,0.00424534,0.00663205,0.00258872,0.0076602,0.00137028,0.00528806,0.0142006,0.0191207,0.00764379,0.00141358,0.00652428,0.0201189,0.0136206,0.0233534,0.0291973,0.00346046,0.00536405,0.00621066,0.0173456,0.010055,0.0359508,0.0292166,0.00215737,0.049291,0.04049,0,0,0,0,0,0,0,0,0.00921842,0.0084244,0.00466933,0.0365899,0,
22,-0.925025,30,-2.00028e-06,-87,-1.69446e-05,0.000220415,0.0499792,0.99875,2.50883e-06,0,0,0,0,0,0,0,0,0,0,0,0,0,0,0,0,0,0,0,0,0,0,0,0,0,0,0,0,0,0,0,0,0,0,0,0,0,0,0,0,0,0,0,0,0,0,0,0,-0,0,0,0,0,0,0,0,0,0.102111,0.018117,0.0115665,0.000104559,0.00373661,0.00109408,0.0321118,0.00834249,0.0252577,0.0185241,0.00398984,0.0224662,0.0433162,0.0152178,0.00256898,0.00448501,0.0126409,0.0398229,0.0136056,0.000926355,0.000996717,0.00193059,0.0201499,0.0354621,0.0398099,0.00516618,0.0354144,0.025099,0.0776172,0,0,0,0,0,0,0,0,0.0257241,0.0166944,0.0341047,0.0384482,0,
23,-0.907571,30,-2.00029e-06,-87,-1.69446e-05,0.000220415,0.0499792,0.99875,2.66019e-06,0,0,0,0,0,0,0,0,0,0,0,0,0,0,0,0,0,0,0,0,0,0,0,0,0,0,0,0,0,0,0,0,0,0,0,0,0,0,0,0,0,0,0,0,0,0,0,0,0,0,0,0,0,0,0,0,0,0.00288398,0.00826562,0.0226383,0.00336388,0.0327506,0.000887779,0.0174287,0.0137183,0.0105708,0.00767693,0.0261168,0.00417733,0.00719203,0.00805647,0.016847,0.00232898,0.0578346,0.0175855,0.00410359,0.00256103,0.00249789,0.00850645,0.0176575,0.00601002,0.0889991,0.0683959,0.0387055,0.0191217,0.0443601,0,0,0,0,0,0,0,0.011645,0.0418546,0.055922,0.0115996,0.0449809,0,
24,-0.890118,30,-2.00029e-06,-87,-1.69446e-05,0.000220415,0.0499792,0.99875,2.53709e-06,0,0,0,0,0,0,0,0,0,0,0,0,0,0,0,0,0,0,0,0,0,0,0,0,0,0,0,0,0,0,0,0,0,0,0,0,0,0,0,0,0,0,0,0,0,0,0,0,0,0,0,0,0,0,0,0,0,0.000759902,0.049712,0.0157703,0.00292841,0.00304843,0.000267371,0.00618358,0.0156326,0.00622622,0.000130091,0.0145722,0.018972,0.00840982,0.0208031,0.0209231,0.00967081,0.00873308,0.037787,0.0409708,0.00629627,0.00218706,0.00641509,0,0,0.146107,0.0427497,0.0371694,0.0129608,0.0124323,0,0,0,0,0,0,0,0.0416606,0.0169959,0.0349801,0.0173477,0.119916,0,
25,-0.872665,30,-2.00029e-06,-87,-1.69446e-05,0.000220415,0.0499792,0.99875,2.32779e-06,0,0,0,0,0,0,0,0,0,0,0,0,0,0,0,0,0,0,0,0,0,0,0,0,0,0,0,0,0,0,0,0,0,0,0,0,0,0,0,0,0,0,0,0,0,0,0,0,0,0,0,0,0,0,0,0,0,0.0304299,0.0424577,0.00145963,0.00342227,0.00237313,0.000615116,0.000737923,0.00208215,0.000350765,0.000621645,0.00125397,0.015511,0.0113136,0.0157918,0.0101674,0.0417454,0.0143017,0.0161828,0.0252532,0.0380051,0.0706644,0,0,0,0,0,0,0.0271577,0.0732432,0,0,0,0,0,0.0373694,0.0282243,0.0295501,0.0287959,0.0155915,0.0142806,0.0195398,0,
26,-0.855211,30,-2.0003e-06,-87,-1.69446e-05,0.000220415,0.0499792,0.99875,2.53031e-06,0,0,0,0,0,0,0,0,0,-0,0,0,0,0,0,0,0,0,0,0,0,0,0,0,0,0,0,0,0,0,0,0,0,0,0,0,0,0,0,0,0,0,0,0,0,0,0,0,0,0,0,0,0,0,0,0,0,0.00463154,0.000443415,0.00118637,0.00297717,0.000449181,0.000684206,0.00218561,0.00179262,0.00152324,0.00825635,0.00257572,0.00320253,0.00334149,0.0088027,0.0148146,0.0258308,0.0011365,0.0201485,0.00330011,0,0,0,0,0,0,0,0,0,0,0,0,0,0,0,0.0934117,0.0333454,0.0203677,0.0319819,0.0601854,0.00544817,0.00206256,0,
27,-0.837758,30,-2.00029e-06,-87,-1.69446e-05,0.000220415,0.0499792,0.99875,1.97953e-06,0,0,0,0,0,0,0,0,0,0,0,0,0,0,0,0,0,0,0,0,0,0,0,0,0,0,0,0,0,0,0,0,0,0,0,0,0,0,0,0,0,0,0,0,0,0,0,0,0,0,0,0,0,0,0,0,0.000220918,0.000880304,0.00137689,0.00139243,0.00257109,0.00321646,0.00456783,0.00151526,0.000168118,0.000838713,0.000591288,0.0109713,0.0284817,0.00177988,0.003903,0.0125651,0.0253229,0.0307365,0.0352104,0.000260326,0,0,0,0,0,0,0,0,0,0,0,0,0,0,0,0,0.00278736,0.0190871,0.0304582,0.0317823,0.0254347,0.0843081,0,
28,-0.820305,30,-2.0003e-06,-87,-1.69446e-05,0.000220415,0.0499792,0.99875,1.727e-06,0,0,0,0,0,0,0,0,0,0,0,0,0,0,0,0,0,0,0,0,0,0,0,0,0,0,0,0,0,0,0,0,0,0,0,0,0,0,0,0,0,0,0,0,0,0,0,0,0,0,0,0,0,0,0,0,0.00299223,0.00442045,0.000299153,0.00193692,0.00057428,0.00393764,0.000139691,0.00125291,0.000734665,0.00120284,0.00110844,0.0048088,0.00859295,0.0198992,0.0297703,0.0139391,0.0117387,0.00872948,0.0443679,0.0376532,0.0167496,-0,0,0,0,0,0,0,0,0,0,0,0,0,0,0,0.00226256,0.0715591,0,0.0706958,0.038767,0.0278331,0,
29,-0.802851,30,-2.0003e-06,-87,-1.69446e-05,0.000220415,0.0499792,0.99875,1.73984e-06,0,0,0,0,0,-0,0,0,0,0,0,0,0,0,0,0,0,0,0,0,0,0,0,0,0,0,0,0,0,0,0,0,0,0,0,0,0,0,0,0,0,0,0,0,0,0,0,0,0,0,0,0,0,0,0,0,0.00157711,0.0119183,0.0184516,0.00247532,0.00135254,0.00949689,0.0132371,0.00184794,0.00306301,0.00286533,0.000118744,0.00496333,0.0071918,0.00547863,0.00295927,0.0075343,0.049179,0.01613,0.0323471,0.0590104,0.081673,0.0202937,0.00204823,0,0,0,0,0,0,0,0,0,0,0,0,0,0,0.03886,0.0338702,0.0915832,0.0524393,0.0469427,0,
30,-0.785398,30,-2.00031e-06,-87,-1.69446e-05,0.000220415,0.0499792,0.99875,3.03764e-06,0,0,0,0,0,0,0,0,0,0,0,0,0,0,0,0,0,0,0,0,0,0,0,0,0,0,0,0,0,0,0,0,0,0,0,0,0,0,0,0,0,0,0,0,0,0,0,0,0,0,0,0,0,0,0,0,0.00153999,0.00228143,0.000453327,0.000283326,0.000734374,0.0064742,0.00150918,0.00196048,0.00496303,0.00348847,0.000928682,0.00478246,0.00262563,0.00613654,0.0111631,0.00434378,0.0161348,0.0159614,0.0138264,0.0332365,0.0262776,0.0273825,0.0178743,0.0441206,0,0,0,0.0499995,0.0476936,0.0291706,0.0270606,0.0507943,0.0527529,0.0245047,0.000510396,0,0,0,0,0,0.10254,0.0583942,0,
31,-0.767945,30,-2.00031e-06,-87,-1.69446e-05,0.000220415,0.0499792,0.99875,2.39146e-06,0,0,0,0,0,0,0,0,0,0,0,0,0,0,0,0,0,0,0,0,0,0,0,0,0,0,0,0,0,0,0,0,0,0,0,0,0,0,0,0,0,0,0,0,0,0,0,0,0,0,0,0,0,0,0,0,0.000310946,0.00279288,0.00742275,0.00164138,0.00282081,0.00214623,0.00197698,0.00549871,0.00138233,0.000472683,0.00442968,0.00350139,0.000553808,0.00256841,0.00387653,0.0080926,0.0248284,0.0340163,0.0259522,0.0272099,0.0037983,0.0280853,0.00869901,0,0.0609234,0.0161003,0.0482426,0.0628534,0.0451911,0.0358414,0.0615517,0.0920776,0.0253777,0.0314093,0.0253172,0,0,0,0,0,0,0.0617846,0,
32,-0.750492,30,-2.00031e-06,-87,-1.69446e-05,0.000220415,0.0499792,0.99875,2.64272e-06,0,0,0,0,0,0,0,0,0,0,0,0,0,0,0,0,0,0,0,0,0,0,0,0,0,0,0,-0,0,0,0,0,0,0,0,0,0,0,0,0,0,0,0,0,0,0,0,0,0,0,0,0,0,0,0,0,0.00298988,0.0034558,0.00254457,0.00145888,0.00198849,0.0116238,0.00370648,0.00810014,0.000283006,0.00439965,0.00117136,0.0010465,0.00489424,0.0623924,0.0195584,0.0287083,0.0438957,0.0236299,0.0192863,0.0288616,0.0107135,0.05519,0.0115116,0.0355963,0.0805595,0.0254157,0.0675707,0.065523,0.0713245,0.0222183,0.0962055,0.0434928,0.0213839,0,0,0,0,0,0,0,0,0,0,
33,-0.733038,30,-2.00031e-06,-87,-1.69446e-05,0.000220415,0.0499792,0.99875,3.06636e-06,0,0,0,0,0,0,0,0,0,0,0,0,0,-0,0,0,0,0,0,0,0,0,0,0,0,0,0,0,0,0,0,0,0,0,0,0,0,0,0,0,0,0,0,0,0,0,0,0,0,0,0,0,0,0,0,0,0.000463296,0.000350276,8.50445e-05,0.000579786,0.000288009,0.00354178,0.00183062,0.00212864,0.00169348,0.00117859,0.00340175,0.00652812,0.00286179,0.000567619,0.00783182,0.00220742,0.0148758,0.0278758,0.0499945,0.0204026,0.0338578,0.0272011,0.0229794,0.0248141,0.0077185,0.0142935,0.0257475,0.055709,0.0536509,0.0226055,0.0287642,0.0233824,0,0,0,0,0,0,0,0,0,0,0,
34,-0.715585,30,-2.00031e-06,-87,-1.69446e-05,0.000220415,0.0499792,0.99875,2.64835e-06,0,0,0,0,0,0,0,0,0,0,0,0,0,0,0,0,0,0,0,0,0,0,0,0,0,0,0,0,0,0,0,0,0,0,0,0,0,0,0,0,0,0,0,0,0,0,0,0,0,0,0,0,0,0,0,0,0.000294696,0.00303581,0.001083,0.0017068,0.000555346,0.00103426,0.00227398,0.000244073,0.00708508,0.0037257,0.00631423,0.000117696,0.000237346,0.00365586,0.0291086,0.0580111,0.0171624,0.00911886,0.0327669,0.0117876,0.0129775,0.00705594,0.0124707,0.0165661,0.0280694,0.0136457,0.0241728,0.0186333,0.0308091,0.0347361,0.0755225,0,0,0,0,0,0,0,0,0,0,0,0,
35,-0.698132,30,-2.00031e-06,-87,-1.69446e-05,0.000220415,0.0499792,0.99875,1.84902e-06,0,0,0,0,0,0,0,0,0,0,0,0,0,0,0,0,0,0,0,0,0,0,0,0,0,0,0,0,0,0,0,0,0,0,0,0,0,0,0,0,0,0,0,0,0,0,0,0,0,0,0,0,0,0,0,0,0.00909759,0.000758217,0.00143445,0.000213892,0.00190071,0.0012569,0.000561857,0.000275978,0.0002072,0.00059352,0.00163033,0.000702848,0.000277517,0.00201876,0.00748838,0.0311715,0.0182224,0.0273411,0.0233478,0.0137977,0.00310677,0.0195684,0.0407555,0.0714004,0.0637602,0,0,0,0,0,0,0,0,0,0,0,0,0,0,0,0,0,0,
36,-0.680678,30,-2.00031e-06,-87,-1.69446e-05,0.000220415,0.0499792,0.99875,3.21501e-06,0,0,0,0,0,0,0,0,0,0,0,0,0,0,0,0,0,0,0,0,0,0,0,0,0,0,0,0,0,0,0,0,0,0,0,0,0,0,0,0,0,0,0,0,0,0,0,0,0,0,0,0,0,0,0,0,3.61234e-06,0.00318489,0.00227646,0.00610907,0.000543332,0.000204093,0.00023859,0.00092511,0.000494528,0.000619328,0.00163901,0.00296306,0.000447469,0.00200584,0.00392674,0.0118238,0.00383616,0.0204077,0.000838704,0.00783313,0.00830214,0.0123572,0.00163919,0,0,0,0,0,0,0,0,0,0,0,0,0,0,0,0,0,0,0,0,
37,-0.663225,30,-2.0003e-06,-87,-1.69446e-05,0.000220415,0.0499792,0.99875,4.39004e-06,0,0,0,0,0,0,0,0,0,0,0,0,0,0,0,0,0,0,0,0,0,0,0,0,0,0,0,0,0,0,0,0,0,0,0,0,0,0,0,0,0,0,0,0,0,0,0,0,0,0,0,0,0,0,0,0,0,0.0210638,0.00172217,0.0226048,0.000513722,0.0018492,0.00158649,0.00221042,9.27421e-05,0.00301443,0.000998782,0.000680963,0.00233665,0.00607761,0.000754149,0.00335672,0.00560928,0.0390025,0.0134629,0.00026914,0.000308812,0.00141009,0.00391648,0.0157302,0.0699376,0.00299921,0,0,0,0,0,0,0,0,0,0,0,0,0,0,0,0,0,
38,-0.645772,30,-2.00032e-06,-87,-1.69446e-05,0.000220415,0.0499792,0.99875,2.38627e-06,0,0,0,0,0,0,0,0,0,0,0,0,0,0,0,0,0,0,0,0,0,0,0,0,0,0,0,0,0,0,0,0,0,0,0,0,0,0,0,0,0,0,-0,0,0,0,0,0,0,0,0,0,0,0,0,0,0.000174967,0.000754532,0.00373464,0.00156371,0.000115356,0.00151639,0.00173412,0.00691032,0.00101491,0.00203747,0.0038329,0.000814099,0.000668643,0.00131752,0.000156556,0.0016871,0.0190114,0.0322859,0.013521,5.85341e-05,0.000819406,0.0387346,0.0199883,0.010169,0.0568468,0.0121383,0.00985113,0.0132128,0,0,0,0,0,0,0,0,0,0,0,0,0,0,0,
39,-0.628319,30,-2.00033e-06,-87,-1.69446e-05,0.000220415,0.0499792,0.99875,3.13875e-06,0,0,0,0,0,0,0,0,0,0,0,0,0,0,0,0,0,0,0,0,0,0,0,0,0,0,0,0,0,0,0,0,0,0,0,0,-0,0,0,0,0,0,0,0,0,0,0,0,0,0,0,0,0,0,0,0,0.0121041,0.0242067,0,0.0354253,0.00365125,0.00294883,0.00332228,0.00382107,0.00539138,0.00315762,0.000595533,0.000806541,0.00454497,0.0162947,0.00121701,0.00866065,0.00498539,0.0408955,0.0108582,0.00155987,0.000772299,0.0156592,0.0256958,0.01934,0.0080325,0.0129701,0.00883372,0.0295012,0.00908713,0.109137,0.0283371,0,0,0,0,0,0,0,0,0,0,0,0,
40,-0.610865,30,-2.00032e-06,-87,-1.69446e-05,0.000220415,0.0499792,0.99875,1.60756e-06,0,0,0,0,0,0,0,0,0,0,0,0,0,0,0,0,0,0,0,0,0,0,0,0,0,0,0,0,0,0,0,0,0,0,0,0,0,0,0,0,0,0,0,0,0,0,0,0,0,0,0,0,0,0,0,0,0.00728359,0.0210303,0.0120152,0.0250966,0.00243452,0.00037307,0.000461382,0.00232313,0.00857871,0.00227452,0.00648216,0.00169031,0.0413736,0.0135093,0.00164469,0.00020021,0.00155758,0.00832807,0.00429362,0.00105067,0.0087208,0.0254816,0.0193941,0.0195242,0.035432,0.0829331,0.0445617,0.0468137,0.0193505,0.0427692,0.0228886,0.031839,0.0601153,0.101226,0,0,0,0,0,0,0,0,0,
41,-0.593412,30,-2.00032e-06,-87,-1.69446e-05,0.000220415,0.0499792,0.99875,1.52956e-06,0,0,-0,0,0,0,0,0,0,0,0,0,0,0,0,0,0,0,0,0,0,0,0,0,0,0,0,0,0,0,0,0,0,0,0,0,0,0,0,0,0,0,0,0,0,0,0,0,0,0,0,0,0,0,0,0,0.00660703,0.0255077,0.0114744,0.00838118,0.000466369,0.000616301,0.00152796,0.00120091,0.00409838,0.00271502,0,0.00522128,0.0171173,0.0154059,0.000260406,0.00331669,0.00257162,0.0199698,0.0215932,0.0475332,0.0544665,0.00866527,0.0171374,0.00269832,0.0335703,0.0303027,0.0109572,0.043445,0,0.0130323,0.0660669,0.0462197,0.0249909,0.0768658,0.0335926,0.0247875,0.0125912,0,0,0,0,0,0,
42,-0.575959,30,-2.00031e-06,-87,-1.69446e-05,0.000220415,0.0499792,0.99875,2.14062e-06,0,0,0,0,0,0,0,0,0,0,0,0,0,0,0,0,0,0,0,0,0,0,0,0,0,0,0,0,0,0,0,0,0,0,0,0,0,0,0,0,0,0,0,0,0,0,0,0,0,0,0,0,0,0,0,0.00725808,0.000664236,0.00159304,0.00657602,0.00323747,0.00188394,0.000145853,0.0127794,0.00461295,0.00150402,0.000956239,0.00395979,0.00545996,0.00962661,0.00560795,0.0019975,0.00334228,0.0105172,0.0301275,0.0612905,0.0161785,0.00623497,0.00132105,0.00599136,0.03253,0.0448919,0.00459596,0.00958067,0.0104904,0.0476806,0.00420446,0.0459772,0,0,0.000620704,0.0127916,0.00923569,0.0152876,0.0345577,0.0288329,0.013864,0.00143414,0,0,
43,-0.558505,30,-2.00033e-06,-87,-1.69446e-05,0.000220415,0.0499792,0.99875,1.64132e-06,0,0,0,0,0,0,0,0,0,0,0,0,0,0,0,0,0,0,0,0,0,0,0,0,0,0,0,0,0,0,0,0,0,0,0,0,0,0,0,0,0,0,0,0,0,0,0,0,0,0,0,0,0,0,0,0.00331409,0.00479508,0.00541573,0.00342328,0.000983979,0.000423325,0.00718437,0.00433648,0.000356778,0.00193785,0.00439281,0.000935966,0.00474779,0.000940733,0.000219987,0.0053292,0.0100648,0.00911471,0.00685858,0.00375639,0.0307442,0.00699698,0.0113167,0.0669488,0.0110009,0.0169943,0.00544383,0,0,0,0,0,0,0.00252576,0.0285502,0.0125508,0.00926429,0.0210797,0.00460427,0.00591573,0.0187289,0.0190129,0.00768016,0,
44,-0.541052,30,-2.00032e-06,-87,-1.69446e-05,0.000220415,0.0499792,0.99875,2.52695e-06,0,0,0,0,0,0,0,0,0,0,0,0,0,0,0,0,0,0,0,0,0,0,0,0,0,0,0,0,0,0,0,0,0,0,0,0,0,0,0,0,0,0,0,0,0,0,0,0,0,0,0,0,0,0,0,0.00319936,0.0135637,0.0392291,0.00279282,0.000278139,0.000307822,0.00128602,0.000652423,0,0.000786719,0.00233007,0.0287877,0.0612367,0.00327813,0.00198508,0.00785644,0.0116898,0.00625103,0.00254606,0.00593428,0.0306904,0.0197794,0.0447012,0.00458919,0.00527392,0.0160796,0.000232545,0.0132708,2.5668e-05,5.63971e-06,0,0,0.000202356,0.000664691,0.0127898,0.0229398,0.0328492,0.0120268,0.0203338,0.0251384,0.00344142,0.00489346,0.0278813,0,
45,-0.523599,30,-2.00031e-06,-87,-1.69446e-05,0.000220415,0.0499792,0.99875,3.51068e-06,0,0,0,0,0,0,0,0,0,0,0,0,0,0,0,0,0,0,0,0,0,0,0,0,0,0,0,0,0,0,0,0,0,0,0,0,0,0,0,0,0,0,0,0,0,0,0,0,0,0,0,0,0,0,0.0144333,0.00493834,0.0261847,0.0590136,0.00566097,0.000778596,0.00079106,0.000853873,0.000778953,0.00173728,0.0142861,0.00154215,0.0418535,0.0244138,0.0120716,0.000378406,0.00694518,0.0170741,0.00765169,0.0216194,0.0046948,0.00848254,0.0748479,0.0118218,0.0311535,0.00873359,0.0139629,0.00370219,0.0166945,0.00651146,0.00701308,0.0164095,0.0121335,0.0158437,0.0259638,0.0188563,0.00240582,0.00235086,0.0132031,0.0453156,0.0338492,0.0121763,0.0187328,0.0461171,0,
46,-0.506145,30,-2.00031e-06,-87,-1.69446e-05,0.000220415,0.0499792,0.99875,1.28662e-06,0,0,0,0,0,0,0,0,0,0,0,0,0,0,0,0,0,0,0,0,0,0,0,0,0,0,0,0,0,0,0,0,0,0,0,0,0,0,0,0,0,0,0,0,0,0,0,0,0,0,0,0,0,0,0.0283803,0.00623668,0.0102084,0.0624409,0.000611497,0.00037351,0.000405936,0.000218909,0.000268686,0.00304755,0.00567999,0.00464388,0.0054543,0.00217338,0.000881053,0.000428714,0.00739636,0.0277316,0.0137857,0.0119678,0.00800767,0.00837244,0.0435905,0.00803266,0.00863309,0.0183497,0.00911348,0.0524404,0.0185868,0.0112394,0.00399734,0.0319981,0.00281575,0.00373316,0.0217828,0.0167714,0.00574792,0.00494376,0.0240747,0.0356227,0.00283999,0.0208017,0.0086377,0,0,
47,-0.488692,30,-2.00031e-06,-87,-1.69446e-05,0.000220415,0.0499792,0.99875,3.54273e-06,0,0,0,0,0,0,0,0,0,0,0,0,0,0,0,0,0,0,0,0,0,0,0,0,0,0,0,0,0,0,0,0,0,0,0,0,0,0,0,0,0,0,0,0,0,0,0,0,0,0,0,0,0,0,0.0439209,0.00227718,0.00478503,0.0118918,0.00097144,0.00574679,0.0122075,0.00113342,0.000498944,0.00106994,0.00066047,0.00133345,0.000789953,0.00732086,0.00675455,0.0383157,0.0307821,0.0152374,0.00616175,0.0141275,0.0157153,0.0159178,0.0239732,0.00927242,0.0061916,0.00827235,0.0471004,0.0313684,0.0433638,0.00410126,0.0230357,0.00333395,0.0261153,0.0177994,0.000777482,0.00648254,0.0079103,0.0102611,0.0397972,0.0211686,0.018033,0.00671262,0.00335819,0,0,
48,-0.471239,30,-2.00031e-06,-87,-1.69446e-05,0.000220415,0.0499792,0.99875,3.03268e-06,0,0,0,0,0,0,0,0,0,0,0,0,0,0,0,0,0,0,0,0,0,0,0,0,0,0,0,0,0,0,0,0,0,0,0,0,0,0,0,0,0,0,0,0,0,0,0,0,0,0,0,0,0,0,0.0279136,0.0150594,0.00677602,0.00672449,0.00572536,0.000921701,0.00766653,0.000728534,0.00266541,0.0107086,6.23219e-05,0.000183992,0.00103597,0.00208532,0.0654925,0.0493193,0.0280155,0.02735,0.0147366,0.0185111,0.0052992,0.0109282,0.0199997,0.00502453,0.00180221,0.0446712,0.0959285,0.0543083,0.0114772,0.00409198,0.00443958,0.0450671,0.00904357,0.0269165,0.00913608,0.0241944,0.0113646,0.0297876,0.0276397,0.0567157,0.0443577,0.0414998,0,0,0,
49,-0.453786,30,-2.0003e-06,-87,-1.69446e-05,0.000220415,0.0499792,0.99875,0,0,0,0,0,0,0,0,0,0,0,0,0,0,0,0,0,0,0,0,0,0,0,0,0,0,0,0,0,0,0,0,0,0,0,0,0,0,0,0,0,0,0,0,0,0,0,0,0,0,0,0,0,0,0,0.00270692,0.00575877,0.000256322,0.00296903,0.00324153,0.00167644,0,0.00124921,0.00076623,0.00822036,0.000897887,0.000550346,0.00350226,0.00070733,0.00115356,0.00543719,0.00483299,0.00949363,0.0126979,0.0210567,0.0162585,0.00388803,0.0103864,0.0045347,0.00874254,0.00111417,0.027655,0.0424058,0.0197274,0.00366421,0.00114608,0.00821474,0.00385045,0.0104642,0.0163664,0.0111235,0.0134538,0.00281816,0.0176662,0,0,0,0,0,0,
50,-0.436332,30,-2.0003e-06,-87,-1.69446e-05,0.000220415,0.0499792,0.99875,0,0,0,0,0,0,0,0,0,0,0,0,0,0,0,0,0,0,0,0,0,0,0,0,0,0,0,0,0,0,0,0,0,0,0,0,0,0,0,0,0,0,0,0,0,0,0,0,0,0,0,0,0,0,0,0.000152721,0.0123062,0.00451437,0.00230586,0.00453852,0.0032627,0.00498058,0.00151834,0.00121172,0.0038096,0.00100614,0.00142304,0.00205803,0.00280614,0.00657821,0.00225136,0.00362451,0.00775622,0.00813994,0.0127368,0.0174337,0.00326366,0.0390509,0.00849453,0.00550461,0.00388382,0.0138303,0.0151154,0.00471087,0.00057839,0,0.0112019,0.0286073,0.0653682,0.0138846,0.0217427,0,0,0,0,0,0,0,0,0,
51,-0.418879,30,-2.0003e-06,-87,-1.69446e-05,0.000220415,0.0499792,0.99875,0,0,0,0,0,0,0,0,0,0,0,0,0,0,0,0,0,0,0,0,0,0,0,0,0,0,0,0,0,0,-0,0,0,0,0,0,0,0,0,0,0,0,0,0,0,0,0,0,0,0,0,0,0,0,0,0,0.00749398,0.00783668,0.00352597,0.00221047,0.00106471,0.00215447,0.0314933,0.00107913,0.00147881,0.000625621,0.000726406,0.00241597,0.00567591,0.00361848,0.0023722,0.0164911,0.00972267,0.00278631,0.00666731,0.00447257,0.0029459,0.00345024,0.0078978,0.00736546,0.0209727,0.0132498,0.0106644,0.01475,0.00392938,0.0158797,0.0177351,0.08709,0,0,0,0,0,0,0,0,0,0,0,0,
52,-0.401426,30,-2.00031e-06,-87,-1.69446e-05,0.000220415,0.0499792,0.99875,0,0,0,0,0,0,0,0,0,0,0,0,0,0,0,0,0,0,0,0,0,0,0,0,0,0,0,0,0,0,0,0,0,0,0,0,0,0,0,0,0,0,0,0,0,0,0,0,0,0,0,0,0,0,0,0,0.0122038,0.00399013,0.00355971,4.19052e-05,0.00162396,0.00155393,0.0134284,0.000223519,3.07036e-05,0.00642575,0.00597607,0,0.0325117,0.0131655,0.00314383,0.00619113,0.0370973,0.0142414,0.00430491,0.00141442,0.003038,0.00449264,0.07843,0.0264793,0.0446601,0.00800484,0.0110998,0.0190298,0.011594,0.00408878,0.0287564,0,0,0,0,0,0,0,0,0,0,0,0,0,
53,-0.383972,30,-2.0003e-06,-87,-1.69447e-05,0.000220415,0.0499792,0.99875,0,0,0,0,0,0,0,0,0,0,0,0,0,0,0,0,0,0,0,0,0,0,0,0,0,0,0,0,0,0,0,0,0,0,0,0,0,0,0,0,0,0,0,0,0,0,0,0,0,0,0,0,0,0,0,0,0.030873,0.0219175,0.00179049,0.00255986,0.00102133,0.00160244,0.000656924,0.000353334,0.00210306,0.00429595,0.00117813,0.00219424,0.00225924,0.000694855,0.0018822,0.00130244,0.00993875,0.0312065,0.0095431,0.00470191,0.0270559,0.0431495,0.00894979,0.0110767,0.0265461,0.013278,0.0105321,0.00354989,0.00539308,8.4783e-05,0,0,0,0,0,0,0,0,0,0,0,0,0,0,
54,-0.366519,30,-2.00029e-06,-87,-1.69446e-05,0.000220415,0.0499792,0.99875,0,0,0,0,0,0,0,0,0,0,0,0,0,0,0,0,0,0,0,0,0,0,0,0,0,0,0,0,0,0,0,0,0,0,0,0,0,0,0,0,0,0,0,0,0,0,0,0,0,0,0,0,0,0,0,0,0,0.0115204,0.0112063,0.00183907,0.000214879,0.00420388,0.000306911,0.000966896,0.00947608,0.000398789,0.00243409,0.00693533,0.00489643,0.00094912,0.00515827,0.00910103,0.025703,0.0122731,0.00501405,0.0162826,0.0533742,0.0427024,0.0254062,0.0186795,0.0349673,0.00548218,0.0244812,0.00166374,0.00329635,0,0,0,0,0,0,0,0,0,0,0,0,0,0,0,
55,-0.349066,30,-2.0003e-06,-87,-1.69446e-05,0.000220415,0.0499792,0.99875,0,0,0,0,0,0,0,0,0,0,0,0,0,0,0,0,0,0,0,0,0,0,0,0,0,0,0,0,0,0,0,0,0,0,0,0,0,0,0,0,0,0,0,0,0,0,0,0,0,0,0,0,0,0,0,0,0,0.00287991,0.0034418,0.00633564,0.00151659,0.00088924,0.000368503,0.0031972,0.0194875,0.0231246,0.00223786,0.0016542,0.00326006,0.00186995,0.00730612,0.00439611,0.0131349,0.0330928,0.00490928,0.0374765,0.0329789,0.0227721,0.0546698,0.0436876,0.00998004,0.0110012,0.0221973,0.0148996,0,0,0,0,0,0,0,0,0,0,0,0,0,0,0,0,
56,-0.331613,30,-2.00031e-06,-87,-1.69446e-05,0.000220415,0.0499792,0.99875,0,0,0,0,0,0,0,0,0,0,0,0,0,0,0,0,0,0,0,0,0,0,0,0,0,0,0,0,0,0,0,0,0,0,0,0,0,0,0,0,0,0,0,0,0,0,0,0,0,0,0,0,0,0,0,0,0,0,0.00396753,0.00807193,0.00316648,0.00525661,0.000723544,0.00166485,0.0152798,0.0161305,0.000768205,0.000132861,0.00285717,0.00720014,0.00464974,0.00187717,0.00503838,0.0102695,0.00659949,0.0199456,0.0261235,0.0212287,0.0524691,0.00999696,0.0186939,0.0248331,0.0247691,0,0,0,0,0,0,0,0,0,0,0,0,0,-0,0,0,0,
57,-0.314159,30,-2.00031e-06,-87,-1.69446e-05,0.000220415,0.0499792,0.99875,0,0,0,0,0,0,0,0,0,0,0,0,0,0,0,0,0,0,0,0,0,0,0,0,0,0,0,0,0,0,0,0,0,0,0,0,0,0,0,0,0,0,0,0,0,0,0,0,0,0,0,0,0,0,0,0,0,0,0.0516392,0.00560638,0.0122391,0.00298378,0.000244635,0.000948591,0.000903157,0.0035676,0.000147439,0.00317514,0.00163465,0.0043372,0.0101022,0.0349258,0.00427975,0.0255797,0.00832113,0.0148302,0.0563043,0.00771137,0.0289625,0.00326858,0.000853917,0.00821403,0.0368333,0,0,0,0,0,0,0,0,0,0,0,0,0,0,0,0,0,
58,-0.296706,30,-2.00031e-06,-87,-1.69446e-05,0.000220415,0.0499792,0.99875,0,0,0,0,0,0,0,0,0,0,0,0,0,0,0,0,0,0,0,0,0,0,0,0,0,0,0,0,0,0,0,0,0,0,0,0,0,0,0,0,0,0,0,0,0,0,0,0,0,0,0,0,0,0,0,0,0,0,0.0848142,0.00909644,0.0146779,0.00637705,0.00170028,0.00186583,0.00135063,0.0214885,0.00927574,0.00215958,0.00346108,0.00702649,0.00448518,0.0033256,0.0123624,0.0380005,0.0134872,0.0349043,0.00690927,0.00592751,0.00253537,0.0192848,0.00387817,0.0285198,0,0,0,0,0,0,0,0,0,0,0,0,0,0,0,0,0,0,
59,-0.279253,30,-2.0003e-06,-87,-1.69446e-05,0.000220415,0.0499792,0.99875,0,0,0,0,0,0,0,0,0,0,0,0,0,0,0,0,0,0,0,0,0,0,0,0,0,0,0,0,0,0,0,0,0,0,0,0,0,0,0,0,0,0,0,0,0,0,0,0,0,0,0,0,0,0,0,0,0,0,0.00244744,0.0073455,0.00697007,0.0111645,0.00289689,0.00278926,0.00471266,0.00374414,0.0271542,0.00303353,0.00950221,0.00699276,0.0121351,0.00390131,0.0146992,0.0158124,0.0110346,0.0271349,0.0163862,0.00151441,0.0434419,0.00846978,0.00107007,0,0,0,0,0,0,0,0,0,0,0,0,0,0,0,0,0,0,0,
60,-0.261799,30,-2.0003e-06,-87,-1.69446e-05,0.000220415,0.0499792,0.99875,0,0,0,0,0,0,0,0,0,0,0,0,0,0,0,0,0,0,0,0,0,0,0,0,0,0,0,0,0,0,0,0,0,0,0,0,0,0,0,0,0,0,0,0,0,0,0,0,0,0,0,0,0,0,0,0,0,0,0.00345088,0.00310045,0.00560457,0.000187686,0.00275671,0.00167959,0.0039323,0.00749288,0.00652745,0.0021294,0.0111925,0.0241295,0.00579015,0.00167535,0.00453858,0.0136075,0.0165274,0.0297566,0.0112366,0.00774119,0.0139354,0.0184808,0,0,0,0,0,0,0,0,0,0,0,0,0,0,0,0,0,0,0,0,
61,-0.244346,30,-2.0003e-06,-87,-1.69446e-05,0.000220415,0.0499792,0.99875,0,0,0,0,0,0,0,0,0,0,0,0,0,0,0,0,0,0,0,0,0,0,0,0,0,0,0,0,0,0,0,0,0,0,0,0,0,0,0,0,0,0,0,0,0,0,0,0,0,0,0,0,0,0,0,0,0,0,0.00234983,0.00114682,0.0201627,0.000557072,0.00184795,0.011068,0.00600938,0.000949743,0.000360387,0.00343502,0.0129112,0.0244628,0.00840697,0.00727235,0.0041316,0.0562248,0.00583982,0.00606505,0.00785555,0.00930262,0.0199849,0.0649269,0.0938887,0,0,0,0,0,0,0,0,0,0,0,0,0,0,0,0,0,0,0,
62,-0.226893,30,-2.0003e-06,-87,-1.69446e-05,0.000220415,0.0499792,0.99875,0,0,0,0,0,0,0,0,0,0,0,0,0,0,0,0,0,0,0,0,0,0,0,0,0,0,0,0,0,0,0,0,0,0,0,0,0,0,0,0,0,0,0,0,0,0,0,0,0,0,0,0,0,0,0,0,0,0,0.00629361,0.00200558,0.0170097,0.000470808,0.00269623,0.00761305,0.00403152,0.00278517,0.000805833,0.00585777,0.0136156,0.0131467,0.021803,0.0221953,0.0244354,0.0163293,0,0.00105218,0.00171341,0.0169913,0.0148654,0.0509849,0.0292286,0.0198475,0,0,0,0,0,0,0,0,0,0,0,0,0,0,0,0,0,0,
63,-0.20944,30,-2.0003e-06,-87,-1.69446e-05,0.000220415,0.0499792,0.99875,0,0,0,0,0,0,0,0,0,0,0,0,0,0,0,0,0,0,0,0,0,0,0,0,0,0,0,0,0,0,0,0,0,0,0,0,0,0,0,0,0,0,0,0,0,0,0,0,0,0,0,0,0,0,0,0,0,0,0.00142081,0.0148021,0.00935476,0.000667514,0.0052638,0.000209735,0.00651571,0.00185202,0.00153593,0.0403887,0.097769,0.00359935,0.030141,0.0167325,0.0510709,0.0346883,0,0,0,0.0125741,0.0270172,0.0301977,0.0207728,0.0462628,0.0272059,0.0153879,0.0447645,0.0535965,0.000428362,0,0,0,0,0,0,0,0,0,0,0,0,0,
64,-0.191986,30,-2.0003e-06,-87,-1.69446e-05,0.000220415,0.0499792,0.99875,4.07481e-06,0,0,0,0,0,0,0,0,0,0,0,0,0,0,0,0,0,0,0,0,0,0,0,0,0,0,0,0,0,0,0,0,0,0,0,0,0,0,0,0,0,0,0,0,0,0,0,0,0,0,0,0,0,0,0,0,0,0.00419337,0.00374263,0.00871478,0.000365906,0.00169621,0.000689468,0.0244408,0.00238589,0.00183562,0.00423109,0.0500203,0.0153852,0.0138247,0.031504,0.0293929,0.0059757,0,0,0,0,0.0429286,0.0110846,0.0173072,0.0404361,0.0393979,0.00952855,0.0417325,0.0157497,0.0675127,0.0431138,0.0258727,0.0153121,0.0216375,0,0,0,0,0,0,0,0,0,
65,-0.174533,30,-2.0003e-06,-87,-1.69446e-05,0.000220415,0.0499792,0.99875,3.60497e-06,0,0,0,0,0,0,0,0,0,0,0,0,0,0,0,-0,0,0,0,0,0,0,0,0,0,0,0,0,0,0,0,0,0,0,0,0,0,0,0,0,0,0,0,0,0,0,0,0,0,0,0,0,0,0,0,0,0.000394617,0.0102233,0.00213865,0.000832546,0.000933222,0.00110353,0.000791965,0.0051072,0.00254351,0.00330331,0.00101811,0.0195071,0.0271338,0.0117546,0.0166849,0.0478447,0.0387134,0,0,0,0,0,0,0.0648802,0.0117534,0.0510488,0.0340077,0.0260776,0.0272337,0.0395427,0.0509361,0.0507911,0.0358473,0.0138103,0,0,0,0,0,0,0,0,0,
66,-0.15708,30,-2.0003e-06,-87,-1.69446e-05,0.000220415,0.0499792,0.99875,2.32562e-06,0,0,0,0,0,0,0,0,0,0,0,0,0,0,0,0,0,0,0,0,0,0,0,0,0,0,0,0,0,0,0,0,0,0,0,0,0,0,0,0,0,0,0,0,0,0,0,0,0,0,0,0,0,0,0,0,0.0145877,0.0202879,0.00017955,0.00224489,0.00698994,0.000361834,0.000232434,0.00231328,0.00869824,0.000748969,0.00263766,0.0322302,0.0213872,0.0165877,0.012109,0.0251904,0.0604534,0,0,0,0,0,0,0,0,0,0,0,0,0.106265,0.0949377,0.0744579,0.0157294,0,0,0,0,0,0,0,0,0,0,
67,-0.139626,30,-2.00029e-06,-87,-1.69446e-05,0.000220415,0.0499792,0.99875,2.20019e-06,0,0,0,0,0,0,0,0,0,0,0,0,0,0,0,0,0,0,0,0,0,0,0,0,0,0,0,0,0,0,0,0,0,0,0,0,0,0,0,0,0,0,0,0,0,0,0,0,0,0,0,0,0,0,0,0,0.0216809,0.0015148,0.00012816,0.00126374,0.000140763,9.35598e-06,0.000187541,0.000273172,0.00681202,0.00276453,0.000956104,0.0123388,0.00405536,0.0387693,0.00673978,0.030549,0.0435711,0,0,0,0,0,0,0,0,0,0,0,0,0,0,0,0,0,0,0,0,0,0,0,0,0,0,
68,-0.122173,30,-2.00027e-06,-87,-1.69447e-05,0.000220415,0.0499792,0.99875,1.58529e-06,0,0,0,0,0,0,0,0,0,0,0,0,0,0,0,0,0,0,0,0,0,0,0,0,0,0,0,0,0,0,0,0,0,0,0,0,0,0,0,0,0,0,0,0,0,0,0,0,0,0,0,0,0,0,0,0,0.016871,0.00175056,0.00125292,0.000453442,8.06608e-05,2.7696e-05,0.000259299,0.000804766,0.00650465,0.00583585,0.00728768,0.000962581,0.0481564,0.0646946,0.0214907,0.0151928,0,0,0,0,0,0,0,0,0,0,0,0,0,0,0,0,0,0,0,0,0,0,0,0,0,0,0,
69,-0.10472,30,-2.00029e-06,-87,-1.69446e-05,0.000220415,0.0499792,0.99875,2.32152e-06,0,0,0,0,0,0,0,0,0,0,0,0,0,0,0,0,0,0,0,0,0,0,-0,0,0,0,0,0,0,0,0,0,0,0,0,0,0,0,0,0,0,0,-0,0,0,0,0,0,0,0,0,0,0,0,0,0,0.000287384,0.00801039,0.00231907,0.000330781,0.000784273,0.0016011,0.00115013,0.00690406,0.00376835,0.00199988,0.00629858,0.000730208,0.0101152,0.00645467,0.0228332,0.072125,0,0,0,0,0,0,0,0,0,0,0,0,0,0,0,0,0,0,0,0,0,0,0,0,0,0,0,
70,-0.0872665,30,-2.00029e-06,-87,-1.69446e-05,0.000220415,0.0499792,0.99875,3.32659e-06,0,0,0,0,0,0,0,0,0,0,0,0,0,0,0,0,0,0,0,0,0,0,0,0,0,0,0,0,0,0,0,0,0,0,0,0,0,0,0,0,0,0,0,0,0,0,0,0,0,0,0,0,0,0,0,0,0.000230608,0.00103889,0.00321532,0.000193479,0.00563286,0.0058713,0.0077966,0.00373083,0.00261867,0.00686859,0.00491005,0.0260283,0.0396708,0.00718299,0.0140419,0.0266522,0,0,0,0,0,0,0,0,0,0,0,0,0,0,0.0448337,0.0616892,0,0,0,0,0,0,0,0,0,0,0,
71,-0.0698132,30,-2.00029e-06,-87,-1.69446e-05,0.000220415,0.0499792,0.99875,1.654e-06,0,0,0,0,0,0,0,0,0,0,0,0,0,0,0,0,0,0,0,0,0,0,0,0,0,0,0,0,0,0,0,0,0,0,0,0,0,0,0,0,0,0,0,0,0,0,0,0,0,0,0,0,0,0,0,0,0.000310421,0.00353346,0.00514132,0.00375805,0.0159547,0.00103892,0.00369078,0.0107084,0.00678482,0.0100163,0.00193617,0.00546372,0.00711192,0.00753408,0.0107026,0.0245695,0,0,0,0,0,0,0,0,0,0,0,0.0338613,0.00807303,0.044425,0.0459087,0.0295226,0,0,0,0,0,0,0,0,0,0,0,
72,-0.0523599,30,-2.00028e-06,-87,-1.69446e-05,0.000220415,0.0499792,0.99875,1.8721e-06,0,0,0,0,0,0,0,0,0,0,0,0,0,0,0,0,0,0,-0,0,0,0,0,0,0,0,0,0,0,0,0,0,0,0,0,0,0,0,0,0,0,0,0,0,0,0,0,0,0,0,0,0,0,0,0,0,0.0025608,0.00114507,0.000360734,0.0012137,0.00678145,0.00249795,0.00154375,0.00196634,0.00245808,0.00116753,0.00479841,0.00788316,0.0200299,0.0113091,0.0224853,0.00670292,0.00898348,0.0361185,0.00704952,0.0263806,0.0322987,0.0624625,0.0973723,0.0348068,0.0395515,0.0282269,0.0112946,0.0641113,0.10946,0.0745645,0.0676014,0.0897697,0.0663732,0,0,0,0,0,0,0,0,0,0,
73,-0.0349066,30,-2.00028e-06,-87,-1.69446e-05,0.000220415,0.0499792,0.99875,9.55841e-07,0,0,0,0,0,0,0,0,0,0,0,0,0,0,0,0,0,0,0,0,0,0,0,0,0,0,0,0,0,0,0,0,0,0,0,0,0,0,0,0,0,0,0,0,0,0,0,0,0,0,0,0,0,0,0,0,0.00187681,0.0049789,0.00349798,0.00230815,0,0.000697264,0.000276508,0.000846185,0.00552466,0.00537733,0.00394442,0.00116301,0.00351124,0.00899899,0.00597815,0.00333265,0.00292087,0.00353393,0.00828539,0.0366619,0.0107598,0.0493125,0.11412,0.0830618,0.0361133,0.053642,0.0399131,0.030326,0.0832166,0.0437575,0.0351837,0.0675707,0.0340916,0,0,0,0,0,0,0,0,0,0,
74,-0.0174533,30,-2.00028e-06,-87,-1.69447e-05,0.000220415,0.0499792,0.99875,2.80946e-06,0,0,0,0,0,0,0,0,0,0,0,0,0,0,0,0,0,0,0,0,0,0,0,0,0,0,0,0,0,0,0,0,0,0,0,0,0,0,0,0,0,0,0,0,0,0,0,0,0,0,0,0,0,0,0,0,0.00321437,0.0062706,0.0137682,0.00146198,0.00197286,0.00078243,0.00100411,0.00137934,0.0013869,0.00473848,0.00322935,0.00152383,0.028139,0.00771738,0.0299288,0.0139896,0.00752449,0.0275157,0.0099386,0.0107796,0.0272506,0.0546575,0.0226007,0.0645351,0.058269,0.0400474,0.0541524,0.0392377,0.0174729,0.0400122,0.0858775,0.0629832,0.0809168,0,0,0,0,0,0,0,0,0,0,
75,1.36696e-15,30,-2.00033e-06,-87,-1.69445e-05,0.000220415,0.0499792,0.99875,3.4734e-06,0,0,0,0,0,0,0,0,0,0,0,0,0,0,0,0,0,0,0,0,0,0,0,0,0,0,0,0,0,0,0,0,0,0,0,0,0,0,0,0,0,0,0,0,0,0,0,0,0,0,0,0,0,0,0,0,0.00391119,0.0179477,0.00379949,0.000535469,0.00354164,0.0116705,0.000392132,0.00111305,0.00237396,0.0128564,0.0096124,0.00392485,0.00890399,0.00670874,0.0691243,0.0381198,0.00287755,0.025225,0.0126614,0.0295349,0.0267671,0.015543,0.023117,0.0472839,0.0675695,0.0393171,0.0835476,0.0554444,0.000484124,0.0527458,0.0726208,0.0221424,0.0938099,0.0426645,0,0,0,0,0,0,0,0,0,
76,0.0174533,30,-2.00032e-06,-87,-1.69446e-05,0.000220415,0.0499792,0.99875,1.94743e-06,0,0,0,0,0,0,0,0,0,0,0,0,0,0,0,0,0,0,0,0,0,0,0,0,0,0,0,0,0,0,0,0,0,0,0,-0,0,0,0,0,0,0,0,0,0,0,0,0,0,0,0,0,0,0,0,0,0.00192017,0.00462323,0.000453985,0.000235446,0.0156848,0.0057702,0.000155375,0.00423113,0.00184654,0.00306649,0.0075057,0.0058707,0.0108606,0.0106413,0.00480011,0.000748087,0.00881325,0.0317212,0.014918,0.0395005,0.06296,0.0557371,0.0819533,0.0187621,0.0314353,0.0343999,0.0954389,0.0289683,0.0586564,0.0726642,0.0277811,0.137285,0.0875868,0.0490143,0,0,0,0,0,0,0,0,0,
77,0.0349066,30,-2.00032e-06,-87,-1.69446e-05,0.000220415,0.0499792,0.99875,0,0,0,0,0,0,0,0,0,0,0,0,0,0,0,0,0,0,0,0,0,0,0,0,0,0,0,0,0,0,0,0,0,0,0,0,0,0,0,0,0,0,0,0,0,0,0,0,0,0,0,0,0,0,0,0,0,0,0.00169796,0.00042821,0.00114995,0.0149892,0.0192536,0,0.00471405,0.00159244,0.00101244,0.0057579,0.0690898,0.0586871,0.0633173,0.0118476,0.00778345,0.0391828,0.0124279,0.00874727,0.0125308,0.0129353,0.0316775,0.0370366,0.0839568,0.0398685,0.0561314,0.0302391,0.0675615,0.0511895,0.0485834,0.0429655,0.0534333,0.0858567,0,0,0,0,0,0,0,0,0,0,
78,0.0523599,30,-2.00031e-06,-87,-1.69446e-05,0.000220415,0.0499792,0.99875,0,0,0,0,0,0,0,0,0,0,0,0,0,0,0,0,0,0,0,0,0,0,0,0,0,0,0,0,0,0,0,0,0,0,0,0,0,0,0,0,0,0,0,0,0,0,0,0,0,0,0,0,0,0,0,0,0,0.00146395,0.00399015,0.00689687,0.000762748,0.00380921,0.0217601,0.000895262,0.00367027,0.00215631,0.00257796,0.00348311,0.00501016,0.0191245,0.00550633,0.0157441,0.00565212,0.00985891,0.0365958,0.0296279,0.0360995,0.0131586,0.0259997,0.00997191,0.0530563,0.0662338,0.0347077,0,0,0,0,0,0,0,0,0,0,0,0,0,0,0,0,0,
79,0.0698132,30,-2.00032e-06,-87,-1.69446e-05,0.000220415,0.0499792,0.99875,0,0,0,0,0,0,0,0,0,0,0,0,0,0,0,0,0,0,0,0,0,0,0,0,0,0,0,0,0,0,0,0,0,0,0,0,0,0,0,0,0,0,0,0,0,0,0,0,0,0,0,0,0,0,0,0,0,0.000723675,0.00301242,0.00351888,0.00121425,0.000179937,0.00565021,0.0153759,0.00130524,0.00153647,0.00542181,0.00266812,0.000915391,0.0315866,0.00563011,0.00386755,0.00639995,0.00915491,0.0122728,0.0191017,0.0291655,0.0122106,0.021519,0.0756133,0.0772206,0,0,0,0,0,0,0,0,0,0,0,0,0,0,0,0,0,0,0,
80,0.0872665,30,-2.00032e-06,-87,-1.69446e-05,0.000220415,0.0499792,0.99875,0,0,0,0,0,0,0,0,0,0,0,0,0,0,0,0,0,0,0,0,0,0,0,0,0,-0,0,0,0,0,0,0,0,0,0,0,0,0,0,0,0,0,0,0,0,0,0,0,0,0,0,0,0,0,0,0,0,0.00112661,0.00209739,0.00154618,0.00108819,0.00143252,0.0167473,0.0219499,0.00980081,0.00639103,0.00118171,0.00113446,0.00268071,0.00940354,0.0154463,0.0172426,0.0216497,0.013017,0.031913,0.029977,0.00239754,0.0587392,0.01376,0,0,0,0,0,0,0,0,0,0,0,0,0,0,0,0,0,0,0,0,0,
81,0.10472,30,-2.00031e-06,-87,-1.69446e-05,0.000220415,0.0499792,0.99875,0,0,0,0,0,0,0,0,0,0,0,0,0,0,0,0,0,0,0,0,0,0,0,0,0,0,0,0,0,0,0,0,0,0,0,0,0,0,0,0,0,0,0,0,0,0,0,0,0,0,0,0,0,0,0,0,9.44344e-05,0.000239814,0.00321813,0.00405007,0.00307321,0.000703221,0.00110263,0.000355602,0.000194013,0.000134659,0.00628712,0.0971821,0.00371249,0.00139487,0.00117463,0.00259337,0.0109958,0.017428,0.0225303,0.00125346,0.0166104,0.00012741,0,0,0,0,0,0,0,0,0,0,0,0,0,0,0,0,0,0,0,0,0,0,
82,0.122173,30,-2.00031e-06,-87,-1.69446e-05,0.000220415,0.0499792,0.99875,0,0,0,0,0,0,0,0,0,0,0,0,0,0,0,0,0,0,0,0,0,0,0,0,0,0,0,0,0,0,0,0,0,0,0,0,0,0,0,-0,0,0,0,0,0,0,0,0,0,0,0,0,0,0,0,0,2.13327e-05,0.0132027,0.00284148,0.0034394,0.00237997,0.00053413,0.000281121,0.000927169,0.000721571,0.00270155,0.00286086,0.0651353,0.00967467,0.00895259,0.0176349,0.00440147,0.00806508,0.00393574,0.0447878,0.0201536,0,0,0,0,0,0,0,0,0,0,0,0,0,0,0,0,0,0,0,0,0,0,0,0,
83,0.139626,30,-2.0003e-06,-87,-1.69446e-05,0.000220415,0.0499792,0.99875,0,0,0,0,0,0,0,0,0,0,0,0,0,0,0,0,0,0,0,0,0,0,0,0,0,0,-0,0,0,0,0,0,0,0,0,0,0,0,0,0,0,0,0,0,0,0,0,0,0,0,0,0,0,0,0,0,0.000719619,0.0348819,0.0366317,0.00209596,0.000654133,0.00202919,0.000684018,0.0165372,0.00402674,1.48262e-05,0.00350917,0.000674982,0.00295372,0.00398088,0.031404,0.00837859,0.0306805,0.0237836,0.00927384,0.00180173,0,0,0,0,0,0,0,0,0,0,0,0,0,0,0,0,0,0,0,0,0,0,0,0,
84,0.15708,30,-2.00031e-06,-87,-1.69446e-05,0.000220415,0.0499792,0.99875,0,0,0,0,0,0,0,0,0,0,0,0,0,0,0,0,0,0,0,0,0,0,0,0,0,0,0,0,0,0,0,0,0,0,0,0,0,0,0,0,0,0,0,0,0,0,0,0,0,0,0,0,0,0,0,0,0.000606289,0.0170945,0.00972234,0.0047992,0.00086621,0.000942815,0.000312316,0.000472655,9.13401e-05,0.000367168,0.00047296,7.46875e-05,0.00449396,0.00257781,0.00569957,0.00371763,0.00440476,0.0332795,0.00598326,0.0362524,0,0,0,0,0,0,0,0,0,0,0,0,0,0,0,0,0,0,0,0,0,0,0,0,
85,0.174533,30,-2.00031e-06,-87,-1.69446e-05,0.000220415,0.0499792,0.99875,0,0,0,0,0,0,0,0,0,0,0,0,0,0,0,0,0,0,0,0,0,0,0,0,0,0,0,0,0,0,0,0,0,0,0,0,0,0,0,0,0,0,0,0,0,0,0,0,0,0,0,0,0,0,0,0,0.000433311,0.000593544,0.0034257,0.000678442,0.00412348,0.000182826,0.000285794,8.63907e-05,0.000249767,0.000735718,0.00394925,0.000381108,0.0003839,0.00326943,0.00833787,0.00186424,0.0107811,0.00154194,0,0.00453272,0.018633,0,0,0,0,0,0,0,0,0,0,0,0,0,0,0,0,0,0,0,0,0,0,0,
86,0.191986,30,-2.00031e-06,-87,-1.69446e-05,0.000220415,0.0499792,0.99875,0,0,0,0,0,0,0,0,0,0,0,0,0,0,0,0,0,0,0,0,0,0,0,0,0,0,0,0,0,0,0,0,0,0,0,0,0,0,0,0,0,0,0,0,0,0,0,0,0,0,0,0,0,0,0,0,0.00617208,0.000606495,0.00363791,0.00626491,0.000884055,0.000637369,0.00412142,0.00103208,0.00116123,0.000682573,0.0012484,0.000132535,0.000749937,0.00181701,0.000392774,0.00092793,0.00253855,0.00215623,0.0115034,0.0027742,0.0233306,0.0389767,0,0,0,0,0,0,0,0,0,0,0,0,0,0,0,0,0,0,0,0,0,0,
87,0.20944,30,-2.00029e-06,-87,-1.69447e-05,0.000220415,0.0499792,0.99875,0,0,0,0,0,0,0,0,0,0,0,0,0,0,0,0,0,0,0,0,0,0,0,0,0,0,0,0,0,0,0,0,0,0,0,0,0,0,0,0,0,0,0,0,0,0,0,0,0,0,0,0,0,0,0,6.26215e-06,0.039928,0.000129326,0.0160433,0.00303523,0.000122093,0.00137195,0.000376118,0.00159973,0.000507014,0.000807818,0.00219034,0.00144933,0.000455076,0.00432088,0.00106897,0.00486844,0.00798431,0.00660866,0.00919618,0.00314573,0.00677707,0.0444956,0.0437876,0.000396862,0,0,0,0,0,0,0,0,0,0,0,0,0,0,0,0,0,0,0,0,
88,0.226893,30,-2.00028e-06,-87,-1.69447e-05,0.000220415,0.0499792,0.99875,0,0,0,0,0,0,0,0,0,0,0,0,0,0,0,0,0,0,0,0,0,0,0,0,0,0,0,0,0,0,0,0,0,0,0,0,0,0,0,0,0,0,0,0,0,0,0,0,0,0,0,0,0,0,0,0.0010118,0.00390777,0.00046529,0.0197062,0.000361353,0.000251182,0.000771657,0.0006967,0.00173136,0.00604921,0.00748135,0.00364182,0.00214863,0.00780969,0.00209139,0.000525888,0.0143031,0.00381416,0.00158537,0.0123332,0.0129068,0.0268124,0.0482428,0.0155809,0.0395786,0.0462979,0.00987449,0,0,0,0,0,0,0,0,0,0,0,0,0,0,0,0,0,0,
89,0.244346,30,-2.00028e-06,-87,-1.69447e-05,0.000220415,0.0499792,0.99875,0,0,0,0,0,0,0,0,0,0,0,0,0,0,0,0,0,0,0,0,0,0,0,0,0,0,0,0,0,0,0,0,0,0,0,0,0,0,0,0,0,0,0,0,0,0,0,0,0,0,0,0,0,0,0,0.0127642,0.000750999,0.00157381,0.00509791,0.00125636,0.00176236,0.000612214,0.00261963,0.00391701,0.00162687,0.00367356,0.000407786,0.000973128,0.000433635,0.00577521,0.0154943,0.0106071,0.00219504,0.00305495,0.0108228,0.00535683,0.00716852,0.0433312,0.0441638,0.0367997,0.0415024,0.0107689,0.0376724,0.0774454,0,0,0,0,0,0,0,0,0,0,0,0,0,0,0,0,
90,0.261799,30,-2.00028e-06,-87,-1.69446e-05,0.000220415,0.0499792,0.99875,0,0,0,0,0,0,0,0,0,0,0,0,0,0,0,0,0,0,0,0,0,0,0,0,0,0,0,0,0,0,0,0,0,0,0,0,0,0,0,0,0,0,0,0,0,0,0,0,0,0,0,0,0,0,0,0.00213466,0.00873968,0.00561599,0.00036018,0.00457742,0.00333337,0.00116765,0.0010893,0.00145982,0.00388025,0.00288808,0.000362902,0.000967609,0.00052848,0.00181591,0.00698761,0.000621433,0.00410225,0.00385634,0.00978886,0.00691379,0.000120891,0.0265556,0.0357944,0.0473511,0.016142,0.0438886,0.0896282,0.113694,0.0923049,0.065316,0,0,0,0,0,0,0,0,0,0,0,0,0,0,
91,0.279253,30,-2.00028e-06,-87,-1.69446e-05,0.000220415,0.0499792,0.99875,0,0,0,0,0,0,0,0,0,0,0,0,0,0,0,0,0,0,0,0,0,0,0,0,0,0,0,0,0,0,0,0,0,0,0,0,0,0,0,0,0,0,0,0,0,0,0,0,0,0,0,0,0,0,0.00178759,0.00445464,0.00111466,0.0138672,0.0152067,0.00148232,0.00869481,0.000623015,0.00146482,0.000983395,0.0103347,0.00232423,0.00156875,0.00166094,0.000219405,0.000434485,0.00329441,0.00782683,0.00301274,0.00664946,0.00374101,0.00820567,0.0025978,0.0196715,0.00601549,0.0152578,0.0100909,0.0297223,0.0966161,0.0784491,0.0854783,0.040265,0.0948071,0,0,0,0,0,0,0,0,0,0,0,0,0,
92,0.296706,30,-2.00029e-06,-87,-1.69446e-05,0.000220415,0.0499792,0.99875,0,0,0,0,0,0,0,0,0,0,0,0,0,0,0,0,0,0,0,0,0,0,0,0,0,0,0,0,0,0,0,0,0,0,0,0,0,0,0,0,0,0,0,0,0,0,0,0,0,0,0,0,0,0,0.000525799,0.000188687,0.000219433,0.0381598,0,0.00413095,0.000318182,0.000665363,0.000873263,0.000888638,0.00380336,0.00924822,0.00580159,0.000723425,0.000514956,0.000408302,0.000375694,0.00789928,0.0324775,0.00783684,0.012909,0.0369094,0.00458,0.0195359,0.00794022,0.00820067,0.00962216,0.0308534,0.0217637,0.064533,0.0508633,0.0194652,0.042085,0.0239468,0.0179036,0,0,0,0,0,0,0,0,0,0,0,
93,0.314159,30,-2.00029e-06,-87,-1.69447e-05,0.000220415,0.0499792,0.99875,2.29739e-06,0,0,0,0,0,0,0,0,0,0,0,0,0,0,0,0,0,0,0,0,0,0,0,0,0,0,0,0,0,0,0,0,0,0,0,0,0,0,0,0,0,0,0,0,0,0,0,0,0,0,0,0,0,0.000774261,0.000175632,0.000524211,0.0776824,0.00262283,0.00165209,0.000289345,0.00158473,0.000595922,0.000329274,0.00615705,0.00403809,0.00180967,0.000188497,0.00253625,0.00252412,0.00116344,0.00430402,0.00106173,0.0142976,0.00295397,0.00127353,0.00242294,0.0125774,0.0274063,0.0119436,0.028802,0.0247396,0.0277473,0.0478806,0.034671,0.0260723,0.0522396,0.0252502,0.0664252,0.0696443,0,0,0,0,0,0,0,0,0,0,
94,0.331613,30,-2.00029e-06,-87,-1.69446e-05,0.000220415,0.0499792,0.99875,1.54436e-06,0,0,0,0,0,0,0,0,0,0,0,0,0,0,0,0,0,0,0,0,0,0,0,0,0,0,0,0,0,0,0,0,0,0,0,0,0,0,0,0,0,0,0,0,0,0,0,0,0,0,0,0,0.0264116,0.0302292,0.0154139,0.00792787,0.0257002,0.00465535,0.001681,0.00120596,0.000235127,0.000278229,0.000286289,0.00107998,0.0010143,0.00130919,0.00202009,0.000646999,0.00289358,0.00160228,0.000500269,0.00928286,0.00404445,0.011065,0.0108055,0.0267816,0.0276293,0.00752998,0.0129517,0.0623028,0.013085,0.0230115,0.0198631,0.0793631,0.0246077,0.0593425,0.0421638,0.065317,0.0811496,0.104267,0,0,0,0,0,0,0,0,0,
95,0.349066,30,-2.00029e-06,-87,-1.69446e-05,0.000220415,0.0499792,0.99875,3.12461e-06,0,0,0,0,0,0,0,0,0,0,0,0,0,0,0,0,0,0,0,0,0,0,0,0,0,0,0,0,0,0,0,0,0,0,0,0,0,0,0,0,0,0,0,0,0,0,0,0,0,0,0,0,0.00148743,0.0109627,0.00308817,0.0335944,0.00148794,0.00196948,0.00193805,0.000707375,0.00124252,0.000208168,0.00105659,0.0015201,0.00212447,0.00187779,0.00344743,0.0026781,0.00589244,0.0034563,0.00210486,0.00102175,0.00686868,0.00525674,0.0119807,0.0551897,0.00929264,0.00482422,0.0130157,0.00546184,0.00780654,0.00237364,0.0194248,0.0152554,0.0697052,0.0375989,0.0412164,0.119278,0.0846429,0.0598675,0,0,0,0,0,0,0,0,0,
96,0.366519,30,-2.00031e-06,-87,-1.69446e-05,0.000220415,0.0499792,0.99875,2.36366e-06,0,0,0,0,0,0,0,0,0,0,0,0,0,0,0,0,0,0,0,0,0,0,0,0,0,0,0,0,0,0,0,0,0,0,0,0,0,0,0,0,0,0,0,0,0,0,0,0,0,0,0,0,0.00422926,0.00146574,0.000869898,0.000282006,0.00090449,0.000477881,0.00319633,0.000887175,0.00032716,0.000591577,0.000248094,0.000530508,0.000543044,0,0.000788252,0.00554151,0.0084102,0.00453678,0.000467723,0.0116026,0.00670011,0.00565177,0.00330611,0.0037439,0.00278649,0.0188579,0.0126715,0.0217351,0.00744012,0.0154886,0.0132759,0.0185101,0.111013,0.0518955,0.0438697,0.0448046,0.0531241,0.0627431,0.0267332,0,0,0,0,0,0,0,0,
97,0.383972,30,-2.00031e-06,-87,-1.69446e-05,0.000220415,0.0499792,0.99875,2.62542e-06,0,0,0,0,0,0,0,0,0,0,0,0,0,0,0,0,0,0,0,0,0,0,0,0,0,0,0,0,0,0,0,0,0,0,0,0,0,0,0,0,0,0,0,0,0,0,0,0,0,0,0,0,0.00132238,0.000239556,0.000290307,0.00263768,0.000571086,0.000289417,0.00156496,0.00402423,0.000245801,0.00195576,0.00630668,0.00328104,0.00199395,0.000776278,0.00272852,0.00161955,0.00113122,0.00946286,0.0188423,0.0102848,0.00944258,0.00598614,0.00357691,0.0166521,0.0236364,0.00506318,0.0126708,0.00459268,0.00868672,0.0153919,0.0143325,0.0362451,0.0452912,0.0650417,0.0174113,0.0525436,0.0257176,0.0534558,0.0697104,0,0,0,0,0,0,0,0,
98,0.401426,30,-2.0003e-06,-87,-1.69446e-05,0.000220415,0.0499792,0.99875,4.9675e-06,0,0,0,0,0,0,0,0,0,0,0,0,-0,0,0,0,0,0,0,0,0,0,0,0,0,0,0,0,0,0,0,0,0,0,0,0,0,0,0,0,0,0,0,0,0,0,0,0,0,0,0,0.0992165,0.0068245,0.00359154,0.00125581,0.000958384,0.000554008,0.0021506,0.000390657,0.000402601,0.00221271,0.00489355,0.000961025,0.00559141,0.00325879,0.00140575,0.00436394,0.00577926,0.000846039,0.00620861,0.00462864,0.0224977,0.00129651,0.0105723,0.00394971,0.00168089,0.00188153,0.00888981,0.0147861,0.0331537,0.0181237,0.0040694,0.0112076,0.00177977,0.00975166,0.0176984,0.0546621,0.0156807,0.0421559,0.0656118,0.047275,0.0222872,0,0,0,0,0,0,0,
99,0.418879,30,-2.00032e-06,-87,-1.69446e-05,0.000220415,0.0499792,0.99875,3.09309e-06,0,0,0,0,0,0,0,0,0,0,0,0,0,0,0,0,0,0,0,0,0,0,0,0,0,0,0,0,0,0,0,0,0,0,0,0,0,0,0,0,0,0,0,0,0,0,0,0,0,0,0,0.00102607,0.00220057,0.00124988,0.0116191,0.00576784,0.0018273,0.000302194,0.00172616,0.000267439,0.00446446,0.00946382,0.01241,0.00620802,0.00198311,0.00174331,0.00164908,0.0026154,0.0182685,0.00285716,0.0114137,0.00851163,0.00980408,0.00615873,0.000308397,0.00504782,0.00326063,0.0109014,0.0021182,0.0107935,0.00824041,0.0123626,0.0296983,0.0144387,0.0311821,0.0220476,0.0422187,0.0799187,0.0540496,0.0744341,0.04597,0.0695858,0.038574,0,0,0,0,0,0,
100,0.436332,30,-2.00032e-06,-87,-1.69446e-05,0.000220415,0.0499792,0.99875,2.21192e-06,0,0,0,0,0,0,0,0,0,0,0,0,0,0,0,0,0,0,0,0,0,0,0,0,0,0,0,0,0,0,0,0,0,0,0,0,0,0,0,0,0,0,0,0,0,0,0,0,0,0,0,0.000319216,0.00082645,0.000389725,0.00130405,0.000346776,0.0002058,0.000234498,0.000606458,0.000869736,0.000785024,0.0194723,0.00175616,0.00299659,0.00529737,0.00477964,0.00991006,0.00119408,0.00381949,0.00508916,0.00222523,0.000830518,0.00321149,0.000887373,0.00340642,0.00718395,0.00293539,0.0105241,0.00674663,0.000728798,0.00475065,0.00454592,0.0166227,0.0107731,0.0398411,0.0176929,0.0707908,0.0742463,0.0592822,0.0199485,0.0782498,0.0631669,0.0204825,0.0972768,0,0,0,0,0,
101,0.453786,30,-2.00031e-06,-87,-1.69446e-05,0.000220415,0.0499792,0.99875,1.48489e-06,0,0,0,0,0,0,0,0,0,0,0,0,0,0,0,0,0,0,0,0,0,0,0,0,0,0,0,0,0,0,0,0,0,0,0,0,0,0,0,0,0,0,0,0,0,0,0,0,0,0,0,0.0151761,0.00940487,0.0005518,0.000226998,0.00228279,0.00141572,0.0012069,0.0131653,0.00247053,0.00184188,0.00272293,0.00558135,0.00616655,0.0104991,0.019469,0.00640355,0.0140583,0.00750414,0.00299668,0.00207402,0.000589341,0.00591878,0.00699564,0.00364723,0.00448776,0.0128357,0.00238956,0.0169171,0.0204143,0.00990592,0.0272727,0.0197865,0.00370274,0.0157645,0.00437432,0.0324594,0.0285209,0.0665126,0.0225195,0.0324275,0.0769517,0.0735708,0.0336291,0.0624274,0,0,0,0,
102,0.471239,30,-2.00033e-06,-87,-1.69446e-05,0.000220415,0.0499792,0.99875,1.44227e-06,0,0,0,0,0,0,0,0,0,0,0,0,0,0,0,0,0,0,0,0,0,0,0,0,0,0,0,0,0,0,0,0,0,0,0,0,0,0,0,0,0,0,0,0,0,0,0,0,0,0,0,0.000328311,0.00194131,0.00554145,0.000392275,0.000344097,0.007462,0.00287397,0.0137943,0.0118568,0.00559655,0.00971423,0.0205947,0.0261135,0.0203563,0.00574299,0.00179487,0.0109021,0.00220748,0.000197313,0.000790278,0.00080006,0.000483969,0.00863688,0.0146314,0.0043655,0,0.0185906,0.0089164,0.00621596,0.00223831,0.00324181,0.0035755,0.00636955,0.0112301,0.00824017,0.0383646,0.0352448,0.00733648,0.0366552,0.0495747,0.043073,0.0554088,0.0374474,0.0526502,0.00858132,0,0,0,
103,0.488692,30,-2.00033e-06,-87,-1.69446e-05,0.000220415,0.0499792,0.99875,4.20235e-06,0,0,0,0,0,0,0,0,0,0,0,0,0,0,0,0,0,0,0,0,0,0,0,0,0,0,0,0,0,0,0,0,0,0,0,0,0,0,0,0,0,0,0,0,0,0,0,0,0,0,0,0.00695357,0.0274776,0.00553121,0.013617,0.012308,0.00538513,0.00396448,0.00223853,0.00909713,0.0151781,0.083691,0.0086767,0.0351916,0.0165214,0.000588753,0.0105411,0.00562066,0.00547282,0.0129643,0.000963927,0.0182627,0.0142161,0.00132176,0.00680929,0.00665184,0.00414081,0.0144751,0.0135698,0.00877405,0.00539346,0.00686034,0.0115708,0.017552,0.0147297,0.00551342,0.0227336,0.0157492,0.0368849,0.0170394,0.050227,0.017417,0.0552013,0.0744345,0,0,0,0,0,
104,0.506145,30,-2.00032e-06,-87,-1.69447e-05,0.000220415,0.0499792,0.99875,0,0,0,0,0,0,0,0,0,0,0,0,0,0,0,0,0,0,0,0,0,0,0,0,0,0,0,0,0,0,0,0,0,0,0,0,0,0,0,0,0,0,0,0,0,0,0,0,0,0,0,0,0,0.00320505,0.00146883,0.0612244,0.0157023,0.0019912,0.00135008,0.00848489,0.00905172,0.0123936,0.00128553,0.0042466,0.000746975,0.0230013,0.00157889,0.00896004,0.00511175,0.00344271,0.00212577,0.00194758,0.000762322,0.0175717,0.00258835,0.00303668,0.00381215,0.0161109,0.0126502,0.013431,0.00742713,0.0121684,0.0148896,0.0291662,0.0261525,0.00141979,0.0337448,0.0296669,0.0209364,0.0385845,0.0256303,0.00333933,0,0,-0,0,0,0,0,0,
105,0.523599,30,-2.00031e-06,-87,-1.69446e-05,0.000220415,0.0499792,0.99875,4.35964e-06,0,0,0,0,0,0,0,0,0,0,0,0,0,0,0,0,0,0,0,0,0,0,0,0,0,0,0,0,0,0,0,0,0,0,0,0,0,0,0,-0,0,0,0,0,0,0,0,0,0,0,0,0,0.000662423,0.00030723,0.00998998,0.00452475,0.0114265,0.022554,0.0261934,0.000310546,0.000777547,0.0122633,0.00184097,0.00549253,0.020383,0.000546558,0.0101912,0.0467695,0.00117728,0.00634917,0.00841511,0.00385133,0.0186969,0.00771295,0.0079196,0.0127766,0.0107521,0.00694041,0.0203325,0.0114427,0.0111165,0.017785,0.0279877,0.0166088,0.00873537,0.033094,0.00932311,0.00744231,0,0,0,0,0,0,0,0,0,0,0,
106,0.541052,30,-2.00031e-06,-87,-1.69446e-05,0.000220415,0.0499792,0.99875,8.28067e-07,0,0,0,0,0,0,0,0,0,0,0,0,0,0,0,0,0,0,0,0,0,0,0,0,0,0,0,0,0,0,0,0,0,0,0,0,0,0,0,0,0,0,0,0,0,0,0,0,0,0,0,0,0,0.001109,0.0163564,0.0099481,0.00992287,0.0059009,0.00664471,0.00218533,0.00375197,0.00213212,0.00339745,0.00362274,0.0211336,0.00301833,0.00295248,0.000520188,0.00317649,0.0125457,0.00160647,0.000855901,0.00355375,0.0137428,0.0236913,0.0143635,0.00665343,0.0132066,0.0342277,0.0156334,0.0201215,0.021034,0.00427811,0,0.0135141,0.0090991,0.0194955,0.0298072,0.0164457,0,0,0,0,0,0,0,0,0,0,
107,0.558505,30,-2.00031e-06,-87,-1.69446e-05,0.000220415,0.0499792,0.99875,2.0701e-06,0,0,0,0,0,0,0,0,0,0,0,0,0,0,0,0,0,0,0,0,0,0,0,0,0,0,0,0,0,0,0,0,0,0,0,0,0,0,0,0,0,0,0,0,0,0,0,0,0,0,0,0,0,0.00350074,0.00409917,0.00731981,0.0210086,0.0332976,0.0228115,0.0299628,0.0206284,0.00264223,0.0065913,0.00242067,0.010192,0.00264752,0.00377735,0.0398168,0.0171466,0.00725427,0.00785183,0.000404372,0.000673579,0.00103632,0.00271286,0.018551,0.017253,0.0089393,0.0100477,0.00517103,0.0137628,0.00672261,0.0444355,0.0276121,0.0201288,0.0536628,0.0182227,0.0198259,0.0116393,0.0310955,0,0,0,0,0,0,0,0,0,
108,0.575959,30,-2.00031e-06,-87,-1.69446e-05,0.000220415,0.0499792,0.99875,4.20823e-06,0,0,0,0,0,0,0,0,0,0,0,0,0,0,0,0,0,0,0,0,0,0,0,0,0,0,0,0,0,0,0,0,0,0,0,0,0,0,0,0,0,0,0,0,0,0,0,0,0,0,0,0,0,0,0.00412038,0.0085174,0.0275851,0.00387878,0.0539325,0.0101773,0.00753161,0.00675431,0.0197441,9.74627e-05,0.00219104,0.0182562,0,0.0113997,0.000770415,0.00131168,0.00574816,0.00814066,0.0122719,0.0171745,0.0388549,0.00486479,0.00433802,0.00214549,0.00947783,0.00564948,0.0396099,0.0590204,0.0378438,0.0221118,0.0241043,0.0531438,0.0896432,0.023022,0.0501206,0.0729786,0.0458002,0.10316,0,0,0,0,0,0,0,
109,0.593412,30,-2.00033e-06,-87,-1.69446e-05,0.000220415,0.0499792,0.99875,2.96681e-06,0,0,0,0,0,0,0,0,0,0,0,0,0,0,0,0,0,0,0,0,0,0,0,0,0,0,0,0,0,0,0,0,0,0,0,0,0,0,0,0,0,0,0,0,0,0,0,0,0,0,0,0,0,0,0.0208128,0.00114748,0.0331094,0.00804664,0.0296138,0.0202564,0.00794633,0.00526721,0.000140331,0.00178156,0.0163717,0.0069641,0.0140636,0.0130573,1.60549e-05,0.00484453,0.0197127,0.011418,0.0114728,0.0473123,0.0384669,0.0257146,0.0384232,0.0152434,0.0266492,0.00334074,0.0167715,0.00882881,0.0210963,0.0198581,0.0505481,0.0567308,0.0517561,0.0217873,0.0383044,0.0190321,0.0356351,0.099013,0,0,0,0,0,0,0,
110,0.610865,30,-2.00033e-06,-87,-1.69446e-05,0.000220415,0.0499792,0.99875,3.07821e-06,0,0,0,0,0,0,0,0,0,0,0,0,0,0,0,0,0,0,0,0,0,0,0,0,0,0,0,0,0,0,0,0,0,0,0,0,0,0,0,0,0,0,0,0,0,0,0,0,0,0,0,0,0,0,0.00137337,0.000245911,0.0123201,0.00283129,0.00785263,0.00502664,0.00719884,0.00166098,0.0132174,0.00386088,0.00388782,0.0211572,0.0134355,0.0253294,0.00174402,0.00712886,0.0042419,0.00951359,0.0131444,0.0302022,0.0144621,0.0296635,0.017741,0.00445513,0,0,0,0,0.0131042,0.0865318,0.0854056,0.0262223,0.0541387,0.0508782,0.0662161,0.100941,0,0,0,0,0,0,0,0,0,
111,0.628319,30,-2.00032e-06,-87,-1.69446e-05,0.000220415,0.0499792,0.99875,2.68194e-06,0,0,0,0,0,0,0,0,0,0,0,0,0,0,0,0,0,0,0,0,0,0,0,0,0,0,0,0,0,0,0,0,0,0,0,0,0,0,0,0,0,0,0,0,0,0,0,0,0,0,0,0,0,0,0,0,0.00428318,0.0174601,0.00198561,0.00586815,0.000152708,0.000668922,0.00603476,0.00166099,0.00361006,0.00243338,0.0153613,0.0053742,0.00129853,0.0128381,0.00479184,0,0.0719343,0.0595483,0.0194786,0.00250403,0,0,0,0,0,0,0,0.0812902,0.0651978,0.0811876,0.0622969,0.0623471,0,0,0,0,0,0,0,0,0,0,0,
112,0.645772,30,-2.00032e-06,-87,-1.69446e-05,0.000220415,0.0499792,0.99875,2.69568e-06,0,0,0,0,0,0,0,0,0,0,0,0,0,0,0,0,0,0,0,0,0,0,0,0,0,0,0,0,0,0,0,0,0,0,0,0,0,0,0,0,0,0,0,0,0,0,0,0,0,0,0,0,0,0,0,0,0.0057443,0.0236544,0.044594,0.00994784,0.00705039,0.00151932,0.000849248,0.0125952,0.00731081,0.00261688,0.010239,0.0102703,0.0237365,0.0205776,0.0376356,0.0143429,0.0186054,0.0044105,0.0840966,0,0,0,0,0,0,0,0,0,0,0.0692187,0,0,0,0,0,0,0,0,0,0,0,0,0,
113,0.663225,30,-2.00032e-06,-87,-1.69446e-05,0.000220415,0.0499792,0.99875,2.91387e-06,0,0,0,0,0,0,0,0,0,0,0,0,0,0,0,0,0,0,0,0,0,0,0,0,0,0,0,0,0,0,0,0,0,0,-0,0,0,0,0,0,0,0,0,0,0,0,0,0,0,0,0,0,0,0,0,0,0.00876441,0.0466918,0.0221306,0.00607383,0.00439343,0.00203902,0.00156888,0.00404163,0.0132147,0.00663682,0.0104261,0.0350516,0.00233714,0.00855627,0.00750874,0.0162201,0.0388434,0,0,0,0,0,0,0,0,0,0,0,0,0,0,0,0,0,0,0,0,0,0,0,0,0,0,
114,0.680678,30,-2.00029e-06,-87,-1.69447e-05,0.000220415,0.0499792,0.99875,2.74488e-06,0,0,0,0,0,0,0,0,0,0,0,0,0,0,0,-0,0,0,0,0,0,0,0,0,0,0,0,0,0,0,0,0,0,0,0,0,0,0,0,0,0,0,0,0,0,0,0,0,0,0,0,0,0,0,0,0,0.00418537,0.0116855,0.0303607,0.000492773,0.0192586,0.0155579,0.0221766,0.00732542,0.00605014,0.00455887,0.00573269,0.0109717,0.011063,0.011284,0.0692524,0.0326283,0,0,0,0,0,0,0,0,0,0,0,0,0,0,0,0,0,0,0,0,0,0,0,0,0,0,0,
115,0.698132,30,-2.00028e-06,-87,-1.69447e-05,0.000220415,0.0499792,0.99875,1.19705e-06,0,0,0,0,0,0,0,0,0,0,0,0,0,0,0,0,0,0,0,0,0,0,0,0,0,0,0,0,0,0,0,0,0,0,0,0,0,0,0,0,0,0,0,0,0,0,0,0,0,0,0,0,0,0,0,1.28504e-05,0.00197814,0.010233,0.00420792,0.00494494,0.01793,0.025424,0.0182839,0.00200805,0.00305967,0.0124937,0.00765196,0.00685547,0.0058435,0.0398738,0.113335,0,0,0,0,0,0,0,0,0,0,0,0,0,0,0,0,0,0,0,0,0,0,0,0,0,0,0,0,
116,0.715585,30,-2.00028e-06,-87,-1.69446e-05,0.000220415,0.0499792,0.99875,2.12242e-06,0,0,0,0,0,0,0,0,0,0,0,0,0,0,0,0,0,0,0,0,0,0,0,0,0,0,0,0,0,0,0,0,0,0,0,0,0,0,0,0,0,0,0,0,0,0,0,0,0,0,0,0,0,0,0,0.00576336,0.00957313,0.00707775,0.0132849,0.00692899,0.0165354,0.0145054,0.00244409,0.0256265,0.00504008,0.00187788,0.0103275,0.0324859,0.0252866,0.000150267,0,0,0,0,0,0,0,0,0,0,0,0,0,0,0,0,0,0,0,0,0,0,0,0,0,0,0,0,0,
117,0.733038,30,-2.00029e-06,-87,-1.69446e-05,0.000220415,0.0499792,0.99875,3.45582e-06,0,0,0,0,0,0,0,0,0,0,0,0,0,0,0,0,0,0,0,0,0,0,0,0,0,0,0,0,0,0,0,0,0,0,0,0,0,0,0,0,0,0,0,0,0,0,0,0,0,0,0,0,0,0,0,0.0069116,0.00918048,0.00181129,0.00296403,0.00400692,0.00315017,0.00172922,0.00199084,0.00614072,0.00661168,0.0117753,0.0216015,0.0932256,0.0144923,0.0570286,0.0026177,0,0,0,0,0,0,0,0,0,0,0,0,0,0,0,0,0,0,0,0,0,0,0,0,0,0,0,0,
118,0.750492,30,-2.00031e-06,-87,-1.69446e-05,0.000220415,0.0499792,0.99875,1.78401e-06,0,0,0,0,0,0,0,0,0,0,0,0,0,0,0,0,0,0,0,0,0,0,0,0,0,0,0,0,0,0,0,0,0,0,0,0,0,0,0,0,0,0,0,0,0,0,0,0,0,0,0,0,0,0,0,0.00021125,0.0015884,0.00426871,0.0073292,0.00628542,0.0029619,0.00600395,0.00215096,0.00162845,0.00291048,0.000546665,0.00719466,0.00531798,0.0234386,0.0290387,0.031004,0.0163595,0.0249047,0,0,0,0,0,0,0,0,0,0,0,0,0,0,0,0,0,0,0,0,0,0,0,0,0,0,
119,0.767945,30,-2.00031e-06,-87,-1.69446e-05,0.000220415,0.0499792,0.99875,2.42969e-06,0,0,0,0,0,0,0,0,0,0,0,0,0,0,0,0,0,0,0,0,0,0,0,0,0,0,0,0,0,0,0,0,0,0,0,0,0,0,0,0,0,0,0,0,0,0,0,0,0,0,0,0,0,0,0,0.00455963,0.00196741,0.00280889,0.0146346,0.0190095,0.00229256,0.000988901,0.0315311,0.00159954,0.00302859,0.00186386,0.0287225,0.0168949,0.0389397,0.026199,0.0242176,0.0892299,0.0547933,0.0971722,0,0,0,0,0,0,0,0,0,0,0,0,0,0,-0,0,0,0,0,0,0,0,0,0,0,
120,0.785398,30,-2.00031e-06,-87,-1.69446e-05,0.000220415,0.0499792,0.99875,2.91947e-06,0,0,0,0,0,0,0,0,0,0,0,0,0,0,0,0,0,0,0,0,0,0,0,0,0,0,0,0,0,0,0,0,0,0,0,0,0,0,0,0,0,0,0,0,0,0,0,0,0,0,0,0,0,0,0,6.07171e-05,0.0280407,0.00332332,0.00716686,0.00283828,0.0267351,0.0086619,0.0125255,0.00216011,0.00332732,0.0256298,0.0144595,0.0122494,0.0452333,0.0433857,0.0411334,0.062185,0.0603481,0.0539864,0.0372512,0,0,-0,0,0,0,0,0,0,0,0,0,0,0,0,0,0,0,0,0,0,0,0,0,
121,0.802851,30,-2.00029e-06,-87,-1.69446e-05,0.000220415,0.0499792,0.99875,7.74372e-07,0,0,0,0,0,0,0,0,0,0,0,0,0,0,0,0,0,0,0,0,0,0,0,0,0,0,0,0,0,0,0,0,0,0,0,0,0,0,0,0,0,0,0,0,0,0,0,0,0,0,0,0,0,0,0,0.000196887,0.0139929,0.00173703,0.00142341,0.00740615,0.00379177,0.00478506,0.00134076,0.00333642,0.00471738,0.013615,0.0179723,0.0201024,0.0219009,0.0595802,0.105908,0.0438711,0.0460236,0,0,0,0,0,0,0,0,0,0,0,0,0,0,0,0,0,0,0,0,0,0,0,0,0,0,
122,0.820305,30,-2.00029e-06,-87,-1.69446e-05,0.000220415,0.0499792,0.99875,3.82471e-06,0,0,0,0,0,0,0,0,0,0,0,0,0,0,0,0,0,0,0,0,0,0,0,0,0,0,0,0,0,0,0,0,0,0,0,0,0,0,0,0,0,0,0,0,0,0,0,0,0,0,0,0,0,0,0.00385415,0.00516785,0.00220439,0.00304673,0.0396191,0.0268526,0.00485517,0.0161965,0.00093757,0.00680821,0.00548046,0.0239011,0.00918474,0.0150602,0.0161127,0.00941744,0.0502631,0.0836017,0.0692672,0,0,0,0,0,0,0,0,0,0,0,0,0,0,0,0,0,0,0,0,0,0,0,0,0,0,
123,0.837758,30,-2.00029e-06,-87,-1.69446e-05,0.000220415,0.0499792,0.99875,1.53331e-06,0,0,0,0,0,0,0,0,0,0,0,0,0,0,0,0,0,0,0,0,0,0,0,0,0,0,0,0,0,0,0,0,0,0,0,0,0,0,0,0,0,0,0,0,0,0,0,0,0,0,0,0,0,0,0.0425675,0,0.000675371,0.00715097,0.0387674,0.00470854,0.00411746,0.00893495,0.00725457,0.0028721,0.00589242,0.0197447,0.00883377,0.0590932,0.0217136,0.0424115,0.0365939,0.0114489,0,0,-0,0,0,0,0,0,0,0,0,0,0,0,0,0,0,0,0,0,0,0,0,0,0,0,0,
124,0.855211,30,-2.00028e-06,-87,-1.69446e-05,0.000220415,0.0499792,0.99875,2.85012e-06,0,0,0,0,0,0,0,0,0,0,0,0,0,0,0,0,0,0,0,0,0,0,0,0,0,0,0,0,0,0,0,0,0,0,0,0,0,0,0,0,0,0,0,0,0,0,0,0,0,0,0,0,0,0,0.0691242,0.00874974,0.00144292,0.00240471,0.00499629,0.00505702,0.000870548,0.0116401,0.001224,0.00834477,0.0227981,0.0365864,0.0105138,0.0222658,0.0226421,0.052554,0.0535068,0.0699531,0,0,0,0,0,0,0,0,0,0,0,0,0,0,0,0,0,0,0,0,0,0,0,0,0,0,0,
125,0.872665,30,-2.00026e-06,-87,-1.69447e-05,0.000220415,0.0499792,0.99875,2.93844e-06,0,0,0,0,0,0,0,0,0,0,0,0,0,0,0,0,0,0,0,0,0,0,0,0,0,0,0,0,0,0,0,0,0,0,0,0,-0,0,0,0,0,0,0,0,0,0,0,0,0,0,0,0,0,0.00713176,0.00265713,0.00303489,0.00118053,0.00177639,0.000689977,0.00385671,0.0034342,0.000675192,0.0340341,0.0206959,0.00494112,0.0304772,0.0060283,0.00579537,0.0363778,0.0044614,0.00815774,0,0,0,0,0,0,0,0,0,0,0,0,0,0,0,-0,0,0,0,0,0,0,0,0,0,0,0,0,
126,0.890118,30,-2.00026e-06,-87,-1.69446e-05,0.000220415,0.0499792,0.99875,3.12061e-06,0,0,0,0,0,0,0,0,0,0,0,0,0,0,0,-0,0,0,0,0,0,0,0,0,0,0,0,0,0,0,0,0,0,0,0,0,0,0,0,0,0,0,0,0,0,0,0,0,0,0,0,0,0,0.00723226,0.00107915,0.0018438,0.00121366,0.000862501,0.00696216,0.0050691,0.000139029,0.00165409,0.0040642,0,0.034577,0.025984,0.054655,0.0247875,0.014063,0.0136875,0,0,0,0,0,0,0,0,0,0,0,0,0,0,0,0,0,0,0,0,0,0,0,0,0,0,0,0,0,
127,0.907571,30,-2.00029e-06,-87,-1.69446e-05,0.000220415,0.0499792,0.99875,2.16425e-06,0,0,0,0,0,0,0,0,0,0,0,0,0,0,0,0,0,0,0,0,0,0,0,0,0,0,0,0,0,0,0,0,0,0,0,0,0,0,0,0,0,0,0,0,0,0,0,0,0,0,0,0,0,0.00552998,0.00453094,0.00466561,0.00227106,0.0338094,0.00233006,0.00283427,0.000631721,0.0117225,0.00241634,0.000286942,0,0.0327595,0.030381,0.0404627,0.0267912,0,0,0,0,0,0,0,0,0,0,0,0,0,0,0,0,0,0,0,0,0,0,0,0,0,0,0,0,0,0,
128,0.925025,30,-2.00029e-06,-87,-1.69446e-05,0.000220415,0.0499792,0.99875,3.98405e-06,0,0,0,0,0,0,0,0,0,0,0,0,0,0,0,0,0,0,0,0,0,0,0,0,0,0,0,0,0,0,0,0,0,0,0,0,0,0,0,0,0,0,0,0,0,0,0,0,0,0,0,0,0,0.00310677,0.00377561,0.000397436,0.00295228,0.0329045,0.0243992,0.00108931,0.000556235,0.0127759,0.00278281,0.0189524,0.0304681,0.0627516,0.0215878,0.0636826,0,0,0,0,0,0,0,0,0,0,0,0,0,0,-0,0,0,0,0,0,0,0,0,0,0,0,0,0,0,0,0,
129,0.942478,30,-2.00029e-06,-87,-1.69446e-05,0.000220415,0.0499792,0.99875,2.64035e-06,0,0,0,0,0,0,0,0,0,0,0,0,0,0,0,0,0,0,0,0,0,0,0,0,0,0,0,0,0,0,-0,0,0,0,0,0,0,0,0,0,0,0,0,0,0,0,0,0,0,0,0,0,0.00330853,0.000738788,0.00201127,0.00121943,0.00366335,0.00649698,0.0121517,0.000493006,0.0014627,0.0032973,0.0219814,0.00379538,0.0528743,0.025811,0.0342308,0.0126782,0,0,0,0,0,0,0,0,0,0,0,0,0,0,0,0,0,0,0,0,0,0,0,0,0,0,0,0,0,0,0,
130,0.959931,30,-2.0003e-06,-87,-1.69446e-05,0.000220415,0.0499792,0.99875,1.81728e-06,0,0,0,0,0,0,0,0,0,0,0,0,0,0,0,0,0,0,0,0,0,0,0,0,0,0,0,0,0,0,0,0,0,0,0,0,0,0,0,0,0,0,0,0,0,0,0,0,0,0,0,0,0.000377951,0.00181886,0.00637318,0.00454526,0.000288672,0.000116764,0.000662193,0.00199501,0.000896894,0.00162597,0.00113408,0.0119239,0.0145658,0.0258199,0.00187706,0,0,0,0,0,0,0,0,0,0,0,0,0,0,0,0,0,0,0,0,0,0,0,0,0,0,0,0,0,0,0,0,
131,0.977384,30,-2.00029e-06,-87,-1.69447e-05,0.000220415,0.0499792,0.99875,2.4434e-06,0,0,0,0,0,0,0,0,0,0,0,0,0,0,0,0,0,0,0,0,0,0,0,0,0,0,0,0,0,0,0,0,0,0,0,0,0,0,0,0,0,0,0,0,0,0,0,0,0,0,0,0,0.0130498,0.00772338,0.00513851,0.00541618,0.00638944,0.000314466,0.00236149,0.00159707,0.00153063,0.0196246,0.0454322,0.00332131,0.00848428,0.0441723,0.0398688,0.00156345,0,0,0,0,0,0,0,0,0,0,0,0,0,0,0,0,0,0,0,0,0,0,-0,0,0,0,0,0,0,0,0,
132,0.994838,30,-2.00029e-06,-87,-1.69446e-05,0.000220415,0.0499792,0.99875,4.35114e-06,0,0,0,0,0,0,0,0,0,0,0,0,0,0,0,0,0,0,0,0,0,0,0,0,0,0,0,0,0,0,0,0,0,0,0,0,0,0,0,0,0,0,0,0,0,0,0,0,0,0,0,0,0.0131233,0.00655498,0.00535045,0.000410767,0.000733205,0.000227223,0.00264627,0.0042894,0.00188162,0.00388301,0.00977556,0.00251282,0.00267682,0.0148837,0.0289618,0.0440333,0.00874745,0.000673866,0.0422113,0,0,0,0,0,0,0,0,0,0,0,0,0,0,0,0,0,0,0,0,0,0,0,0,0,0,0,0,
133,1.01229,30,-2.0003e-06,-87,-1.69446e-05,0.000220415,0.0499792,0.99875,1.99123e-06,0,0,0,0,0,0,0,0,0,0,0,0,0,0,0,0,0,0,0,0,0,0,0,0,0,0,0,0,0,0,0,0,0,0,0,0,0,0,0,0,0,0,0,0,0,0,0,0,0,0,0,0,0.00229718,0.00332154,0.000836688,0.000143549,0.000295487,0.000666248,0.00325481,0.00385668,0.00114413,0.00135473,0.0407735,0.0100509,0.0211535,0.00680264,0.0108544,0.0390272,0.0604722,0.0254724,0.0656932,0.112305,0.0384359,0,0,0,0,0,0,0,0,0,0,0,0,0,0,0,0,0,0,0,0,0,0,0,0,0,0,
134,1.02974,30,-2.0003e-06,-87,-1.69446e-05,0.000220415,0.0499792,0.99875,2.89042e-06,0,0,-0,0,0,0,0,0,0,0,0,0,0,0,0,0,0,0,0,0,0,0,0,0,0,0,0,0,0,0,0,0,0,0,0,0,0,0,0,0,0,0,0,0,0,0,0,0,0,0,0,0.000220753,0.0045635,0.00342989,0.000744557,0.0183688,9.82456e-05,0.0333763,0.000512816,0.00737403,0.000126851,0.00081631,0.0228426,0.0334415,0.000977196,0.0379465,0.0325986,0.0111332,0.0596898,0.0452478,0.0513451,0.028375,0.0906455,0,0,0,0,0,0,0,0,0,0,0,0,0,0,0,0,0,0,0,0,0,0,0,0,0,0,
135,1.0472,30,-2.0003e-06,-87,-1.69446e-05,0.000220415,0.0499792,0.99875,3.54841e-06,0,0,0,0,0,0,0,0,0,0,0,0,0,0,0,0,0,0,0,0,0,0,0,0,0,0,0,0,0,0,0,0,0,0,0,0,0,0,0,0,0,0,0,0,0,0,0,0,0,0,0,0.00126472,0.00169567,0.00245378,0.0039694,0.0150723,0.000825999,0.0238593,0.00198662,0.0021751,0.00104103,0.00103932,0.000452143,0.0021233,0.000453786,0.0273772,0.0219688,0.026447,0.0561809,0.0329466,0.0130561,0.0666293,0,0,0,0,0,0,0,0,0,0,0,0,0,0,0,0,0,0,0,0,0,0,0,0,0,0,0,
136,1.06465,30,-2.0003e-06,-87,-1.69446e-05,0.000220415,0.0499792,0.99875,2.80002e-06,0,0,0,0,0,0,0,0,0,0,0,0,0,0,0,0,0,0,0,0,0,0,0,0,0,0,0,0,0,0,0,0,0,0,0,0,-0,0,0,0,0,0,0,0,0,0,0,0,0,0,0,0.000241928,0.00370983,0.00146027,0.000607778,0.00061421,0.000129687,0.000755607,0,0.000309166,0.00541523,0.0155828,0.000166648,0.00472053,0.000235791,0.0303158,0.0192869,0.039912,0.0601073,0.0508701,0.0917134,0.0476596,0,0,0,0,0,0,0,0,0,0,0,0,0,0,0,0,0,0,0,0,0,0,0,0,0,0,0,
137,1.0821,30,-2.0003e-06,-87,-1.69446e-05,0.000220415,0.0499792,0.99875,4.23925e-06,0,0,0,0,0,0,0,0,0,0,0,0,0,0,0,0,0,0,0,0,0,0,0,0,0,0,0,0,0,0,0,0,0,0,0,0,0,0,0,0,0,0,0,0,0,0,0,0,0,0,0,0,0.00445735,0.00067808,0.00262341,0.001762,0.000631701,0.000813144,0.00359586,0.000638328,0.00507421,0.0116972,0.00207334,0.0229789,0.00552032,0.0584565,0.00422464,0.0133091,0.0133677,0.00966868,0.0330574,0,0,0,0,0,0,0,0,0,0,0,0,0,0,0,0,0,0,0,0,0,0,0,0,0,0,0,0,
138,1.09956,30,-2.00028e-06,-87,-1.69447e-05,0.000220415,0.0499792,0.99875,3.22408e-06,0,0,0,0,0,0,0,0,0,0,0,0,0,0,0,0,0,0,0,0,0,0,0,0,0,0,0,0,0,0,0,0,0,0,0,0,0,0,0,0,0,0,0,0,0,0,0,0,0,0,0,0.00153719,0.0002238,0.00235879,0.000313103,0.00292959,0.00132072,0.00786061,0.006134,0.00230947,0.01161,0.0036613,0.0144257,0.027027,0.0125858,0.00381659,0.0129437,0.0754321,0.00214445,0.00760246,0.0570276,0,0,0,0,0,0,0,0,0,0,0,0,0,0,0,0,0,0,0,0,0,0,0,0,0,0,0,0,
139,1.11701,30,-2.00027e-06,-87,-1.69447e-05,0.000220415,0.0499792,0.99875,3.67863e-07,0,0,0,0,0,0,0,0,0,0,0,0,0,0,0,0,0,0,0,0,0,0,0,0,0,0,0,0,0,0,0,0,0,0,0,0,0,0,0,0,0,0,0,0,0,0,0,0,0,0,0.00760101,0.00140643,0.00150269,0.00600552,0.00219352,0.00853922,0.000989472,0.00177825,0.00184319,0.00235188,0.00118529,0.000911331,0.000854625,0.00273567,0.00161366,0.0396767,0.0175183,0.0174111,0.00424644,0.0322694,0,0,0,0,0,0,0,0,0,0,0,0,0,0,0,0,0,0,0,0,0,0,0,0,0,0,0,0,0,
140,1.13446,30,-2.00029e-06,-87,-1.69446e-05,0.000220415,0.0499792,0.99875,2.61362e-06,0,0,0,0,0,0,0,0,0,0,0,0,0,0,0,0,0,0,0,0,0,0,0,0,0,0,0,0,0,0,0,0,0,0,0,0,0,0,0,0,0,0,0,0,0,0,0,0,0,0,0.000198411,0.00385383,0.00430566,0.00344232,0.00146072,0.0164,0.00690285,0.00133627,0.0209181,0.0271866,0.00835547,0.0117602,0.0143836,0.0155045,0.0185666,0.0243818,0.0239342,0.0180084,0.0172781,0.01908,0,0,0,0,0,0,0,0,0,0,0,0,0,0,0,0,0,0,0,0,0,0,0,0,0,0,0,0,0,
141,1.15192,30,-2.0003e-06,-87,-1.69446e-05,0.000220415,0.0499792,0.99875,2.04962e-06,0,0,0,0,0,0,0,0,0,0,0,0,0,0,0,0,0,0,0,0,0,0,0,0,0,0,0,0,0,0,0,0,0,0,0,0,0,0,0,0,0,0,0,0,0,0,0,0,0,0,0.00180389,0.00583066,0.00582929,0.0213853,0.00081201,0.000638573,0.00497621,0.00649293,0.0113474,0.0140232,0.0217288,0.00681673,0.0296678,0.0307991,0.0149788,0.0106164,0.0439207,0.0246573,0.0446022,0,0,0,0,0,0,0,0,0,0,0,0,0,0,0,0,0,0,0,0,0,0,0,0,0,0,0,0,0,0,
142,1.16937,30,-2.0003e-06,-87,-1.69446e-05,0.000220415,0.0499792,0.99875,2.35053e-06,0,0,0,0,0,0,0,0,0,0,0,0,0,0,0,0,0,0,0,0,0,0,0,0,0,0,0,0,0,0,0,0,0,0,0,0,0,0,0,0,0,0,0,0,0,0,0,0,0,0,0,0.00261576,0.0040022,0.00205735,0.00311718,0.0014099,0.000604651,0.00284251,0.0247195,0.0370443,0.0390636,0.0577602,0.0204517,0.0454569,0.0126932,0.0107179,0.0496643,0.038507,0.051102,0,0,0,0,0,0,0,0,0,0,0,0,0,0,0,0,0,0,0,0,0,0,0,0,0,0,0.00314838,0.0210419,0.013165,0,
143,1.18682,30,-2.00031e-06,-87,-1.69446e-05,0.000220415,0.0499792,0.99875,3.18024e-06,0,0,0,0,0,0,0,0,0,0,0,0,0,0,0,0,0,0,0,0,0,0,0,0,0,0,0,0,0,0,0,0,0,0,0,0,0,0,0,0,0,0,0,0,0,0,0,0,0,0,0,0.000364077,0.000962817,0.0039139,0.00774289,0.00800989,0.00743092,0.0142631,0.0124719,0.000103022,0.0112919,0.0307849,0.0164194,0.0404024,0.00694152,0.0217482,0.0234017,0.0191345,0.0846105,0,0,0,0,0,0,0.0662887,0.0256846,0.0715431,0.0725125,0.0563203,0,0,0,0,0,0,0,0,0,0,0,0,0,0,0,0.00532253,0.0109844,0.00597194,0,
144,1.20428,30,-2.0003e-06,-87,-1.69447e-05,0.000220415,0.0499792,0.99875,4.62882e-07,0,0,0,0,0,0,0,0,0,0,0,0,0,0,0,0,0,0,0,0,0,0,0,0,0,0,0,0,0,0,0,0,0,0,0,0,0,0,0,0,0,0,0,0,0,0,0,0,0,0,0,0.00179657,0.00174889,0.00288056,0.0133601,0.00586887,0.00071942,0.0104416,0.00164988,0.00841816,0.0447803,6.40608e-05,0.0318488,0.00770572,0.000863537,0.011974,0.0364454,0.0391456,0.0174579,0,0,0,0.0326207,0.0122172,0.0279405,0.0189986,0.013773,0.0131767,0.0523652,0.0756273,0.054111,0,0,0,0,0,0,0,0,0,0,0,0,0,0.00130444,0.0121718,0.00372885,0.00188913,0,
145,1.22173,30,-2.00028e-06,-87,-1.69447e-05,0.000220415,0.0499792,0.99875,2.19233e-06,0,0,0,0,0,0,0,0,0,0,0,0,0,0,0,0,0,0,0,0,0,0,0,0,0,0,0,0,0,0,0,0,0,0,0,0,0,0,0,0,0,0,0,0,0,0,0,0,0,0,-0,0,0.00491711,0.000700695,0.0103878,0.000940416,0.00898683,0.029919,0.00767152,0.0278746,0.0142414,0,0,0,0,0,0,0,0,0,0,0,0.00713,0.0407785,0.015078,0.0240729,0.0133653,0.03457,0.0721975,0.0929078,0.0653087,0.0863877,0,0,0,0,0,0,0,0,0,0,0,0,0.00183499,0.021019,0.00865909,0.00304363,0,
146,1.23918,30,-2.00029e-06,-87,-1.69446e-05,0.000220415,0.0499792,0.99875,2.3415e-06,0,0,0,0,0,0,0,0,0,0,0,0,0,0,0,0,0,0,0,0,0,0,0,0,0,0,0,0,0,0,0,0,0,0,0,0,0,0,0,0,0,0,0,0,0,0,0,0,0,-0,0,0,0.00158117,0.00461722,0.0180064,0.0278565,0.00754934,0.00664801,0.0313293,0.026405,0.00313671,0,0,0,0,0,0,0,0,0,0,0.0351856,0.0326424,0.00717024,0.0211769,0.00993956,0.0096986,0.0547474,0.0616791,0.0546004,0.0651353,0.0564326,0,0,0,0,0,0,0,0,0,0,0,0,0,0.00539731,0.00110696,0.00281744,0,
147,1.25664,30,-2.00029e-06,-87,-1.69446e-05,0.000220415,0.0499792,0.99875,1.63411e-06,0,0,0,0,0,0,0,0,0,0,0,0,0,0,0,0,0,0,0,0,0,0,0,0,0,0,0,0,0,0,0,0,0,0,0,0,0,0,0,0,0,0,0,0,0,0,0,0,0,0,0,0,0,0.0100994,0.0216593,0.0104219,0.00166957,0.0169551,0.00747125,0.0159924,0.000232031,0,0,0,0,0,0,0,0,0,0,0.0244995,0.0133085,0.0187882,0.0215739,0.00492365,0.0146167,0.0478491,0.0191207,0.0341958,0.00689764,0.0143031,0.0716437,0,0,0,0,0,0,0,0,0,0,0,0,0.00487827,0.00341234,0.000444973,0,
148,1.27409,30,-2.0003e-06,-87,-1.69446e-05,0.000220415,0.0499792,0.99875,3.41997e-06,0,0,0,0,0,0,0,0,0,0,0,0,0,0,0,0,0,0,0,0,0,0,0,0,0,0,0,0,0,0,0,0,0,0,0,0,0,0,0,0,0,0,0,0,0,0,0,0,0,0,0,0,0,0,0.0267229,0.00231434,0.0159841,0.0056389,0.00979352,0.0282334,0.004569,0,0,0,0,0,0,0,0,0,1.63102e-06,0.0133185,0.0121204,0.00591602,0.0257224,0.00696274,0.00553138,0.0153804,0.0165629,0.0209089,0.0601644,0.0321084,0.0414607,0.0975863,0,0,0,0,0,0,0,0,0,0,0,0.0604587,0.00901363,0.00118633,0,
149,1.29154,30,-2.00031e-06,-87,-1.69446e-05,0.000220415,0.0499792,0.99875,3.85567e-06,0,0,0,0,0,0,0,0,0,0,0,0,0,0,0,0,0,0,0,0,0,0,0,0,0,0,0,0,0,0,0,0,0,0,0,0,0,0,0,0,0,0,0,0,0,0,0,-0,0,0,0,0,0,0,0.000988393,0.016341,0.010548,0.0037263,0.00143442,0.0073192,0,0,0,0,0,0,0,0,0,0.00634243,0.0184025,0.00708176,0.0403034,0.00638218,0.00732871,0.00765513,0.0107548,0.0111053,0.0222899,0.0513289,0.0324181,0.105058,0.07954,0,0,0,0,0,0,0,0,0,0,0,0,0,0.000841984,0.00739821,0,
150,1.27409,30,-2.0003e-06,-87,-1.69446e-05,0.000220415,0.0499792,0.99875,4.03467e-06,0,0,0,0,0,0,0,0,0,0,0,0,0,0,0,0,0,0,0,0,0,0,-0,0,0,0,0,0,0,0,0,0,0,0,0,0,0,0,0,0,0,0,0,0,0,0,0,0,0,0,0,0,0,0,0.0202405,0.00291739,0.0312572,0.00494781,0.0044496,0.0335167,0.00619299,0,0,0,0,0,0,0,0,0,3.40762e-06,0.0227682,0.0148934,0.0356669,0.0289916,0.00491745,0.00270195,0.0119958,0.0268459,0.0205048,0.0368909,0.0906156,0.0621393,0.0890355,0,0,0,0,0,0,0,0,0,0,0,0.0159848,0.00947948,0.00107083,0,
151,1.25664,30,-2.0003e-06,-87,-1.69446e-05,0.000220415,0.0499792,0.99875,2.95854e-06,0,0,0,0,0,0,0,0,0,0,0,0,0,0,0,0,0,0,0,0,0,0,0,0,0,0,0,0,0,0,0,0,0,0,0,0,0,0,0,0,0,0,0,0,0,0,0,0,0,0,0,0,0,0.0365749,0.0122429,0.0186899,0.00172588,0.00651916,0.00647922,0.01271,0.000395247,0,0,0,0,0,0,0,0,0,0,0.0260615,0.0105637,0.0185514,0.0291945,0.00219442,0.0204783,0.0488492,0.0187867,0.0307177,0.0720488,0.0129376,0.0477816,0,0,0,0,0,0,0,0,0,0,0,0,0.0087595,0.00498302,0.000464433,0,
152,1.23918,30,-2.00029e-06,-87,-1.69446e-05,0.000220415,0.0499792,0.99875,1.86587e-06,0,0,0,0,0,0,0,0,0,0,0,0,0,0,0,0,0,0,0,0,0,0,0,0,0,0,0,0,0,0,0,0,0,0,0,0,0,0,0,0,0,0,0,0,0,0,0,0,0,0,0,0,0.00405157,0.00803796,0.0138099,0.0302282,0.00917335,0.00412152,0.0237651,0.0623137,0.00548503,0,0,0,0,0,0,0,0,0,0,0.0160914,0.0584826,0.00932765,0.0181715,0.0171915,0.0170873,0.040662,0.0156994,0.0562445,0.0646872,0.0949601,0,0,0,0,0,-0,0,0,0,0,0,0,0,0.0061411,0.00130114,0.00370867,0,
153,1.22173,30,-2.00029e-06,-87,-1.69446e-05,0.000220415,0.0499792,0.99875,7.69137e-07,0,0,0,0,0,0,0,0,0,0,0,0,0,0,0,0,0,0,0,0,0,0,0,0,0,0,0,0,0,0,0,0,0,0,0,0,0,0,0,0,0,0,0,0,0,0,0,0,0,0,0,0,0.00241122,0.000589613,0.00860273,0.00590392,0.00614296,0.0463911,0.0102887,0.0170952,0.0197103,0,0,0,0,0,0,0,0,0,0,0,0.0211746,0.0394816,0.0420436,0.0319244,0.0121783,0.0292809,0.028967,0.112539,0.0349967,0.0896794,0,0,0,0,0,0,0,0,0,0,0,0,0.00277935,0.00788276,0.00636093,0.00246795,0,
154,1.20428,30,-2.0003e-06,-87,-1.69446e-05,0.000220415,0.0499792,0.99875,9.37203e-07,0,0,0,0,0,0,0,0,0,0,0,0,0,0,0,0,0,0,-0,0,0,0,0,0,0,0,0,0,0,0,0,0,0,0,0,0,0,0,0,0,0,0,0,0,0,0,0,0,0,0,0,0.00101088,0.00154604,0.00138785,0.0129974,0.00691108,0.00141155,0.00535705,0.00891024,0.0175496,0.0420608,5.70495e-05,0.0399497,0.00565805,0.000793583,0.00887445,0.0314266,0.0269637,0.0183474,0,0,0,0.0368118,0.00652418,0.0284344,0.0462947,0.0183734,0.0403873,0.0519239,0.125213,0.0543837,0,0,0,0,0,0,0,0,0,0,0,0,0,0.00400343,0.00986026,0.00320854,0.00222145,0,
155,1.18682,30,-2.00031e-06,-87,-1.69446e-05,0.000220415,0.0499792,0.99875,2.35913e-06,0,0,0,0,0,0,0,0,0,0,0,0,0,0,0,0,0,0,0,0,0,0,0,0,0,0,0,0,0,0,0,0,0,0,0,0,0,0,0,0,0,0,0,0,0,0,0,0,0,0,0,0.00019281,0.00108924,0.0151156,0.00988325,0.00420213,0.00923148,0.0142829,0.0188072,0.0209601,0.0161391,0.0255366,0.0358983,0.0365627,0.0214501,0.029974,0.023936,0.0612365,0.101934,0,0,0,0,0,0,0.041816,0.0291691,0.0804714,0.0654888,0.0751674,0,0,0,0,0,0,0,0,0,0,0,0,0,0,0,0.0289052,0.0135778,0.00481088,0,
156,1.16937,30,-2.00033e-06,-87,-1.69446e-05,0.000220415,0.0499792,0.99875,2.97773e-06,0,0,0,0,0,0,0,0,0,0,0,0,0,0,0,0,0,0,0,0,0,0,0,0,0,0,0,0,0,0,0,0,0,0,0,0,0,0,0,0,0,0,0,0,0,0,0,0,0,0,0,0.00515148,0.0042785,0.00102359,0.0073886,0.00251108,0.000481173,0.0155791,0.0195988,0.0572892,0.0309939,0.0434341,0.0179114,0.0245859,0.00855473,0.021791,0.0530753,0.00778153,0.0328433,0,0,0,0,0,0,0,0,0,0,0,0,0,0,0,0,0,0,0,0,0,0,0,0,0,0,0.00354028,0.029777,0.0152102,0,
157,1.15192,30,-2.00032e-06,-87,-1.69446e-05,0.000220415,0.0499792,0.99875,2.51778e-06,0,0,0,0,0,0,0,0,0,0,0,0,0,0,0,0,0,0,0,0,0,0,0,0,0,0,0,0,0,0,0,0,0,0,0,0,0,0,0,0,0,0,0,0,0,0,0,0,0,0,0.00334191,0.0100992,0.0045332,0.026393,0.00102894,0.000793966,0.0045369,0.00561558,0.00138027,0.0239636,0.0169783,0.00890657,0.0345509,0.0242631,0.0175111,0.0138669,0.0410386,0.0325942,0.0187583,0.0957643,0,0,0,0,0,0,0,0,0,0,0,0,0,0,0,0,0,0,0,0,0,0,0,0,0,0,0,0,0,
158,1.13446,30,-2.00031e-06,-87,-1.69446e-05,0.000220415,0.0499792,0.99875,2.875e-06,0,0,0,0,0,0,0,0,0,0,0,0,0,0,0,0,0,0,0,0,0,0,0,0,0,0,0,0,0,0,0,0,0,0,0,0,0,0,0,0,0,0,0,0,0,0,0,0,0,0,0.000669964,0.00406976,0.00332572,0.00204858,0.000418981,0.0061541,0.0087567,0.000344035,0.00578944,0.0241785,0.00736271,0.0104949,0.0226331,0.0224141,0.0201469,0.0234652,0.0325233,0.0137713,0.0163275,0.0193162,0,0,0,0,0,0,0,0,0,0,0,0,0,0,0,0,0,0,0,0,0,0,0,0,0,0,0,0,0,
159,1.11701,30,-2.0003e-06,-87,-1.69446e-05,0.000220415,0.0499792,0.99875,2.92388e-06,0,0,0,0,0,0,0,0,0,0,0,0,0,0,0,-0,0,-0,0,0,0,0,0,0,0,-0,0,0,0,0,0,0,0,0,0,0,0,0,0,0,0,0,0,0,0,0,0,0,0,0,0.0139948,0.00264182,0.00214642,0.00090588,0.00236634,0.00434775,0.000844774,0.00200296,0.00203616,0.00211866,0.00160128,0.00255366,0.00181793,0.00339495,0.00208618,0.0423258,0.0189955,0.0173174,0.00431741,0.0319582,0,0,0,0,0,0,0,0,0,0,0,0,0,0,0,0,0,0,0,0,0,0,0,0,0,0,0,0,0,
160,1.09956,30,-2.0003e-06,-87,-1.69446e-05,0.000220415,0.0499792,0.99875,2.63793e-06,0,0,0,0,0,0,0,0,0,0,0,0,0,0,0,0,0,0,0,0,0,0,0,0,0,0,0,0,0,0,0,0,0,0,0,0,0,0,0,0,0,0,0,0,0,0,0,0,0,0,0,0.00274955,0.000617683,0.00320212,0.000355189,0.0101092,0.00149342,0.00520293,0.00168637,0.00127646,0.0137146,0.00317687,0.0121036,0.0159396,0.0131892,0.00625573,0.00877327,0.0438084,0.00726009,0.00227948,0.0271204,0,0,0,0,0,0,0,0,0,0,0,0,0,0,0,0,0,0,0,0,0,0,0,0,0,0,0,0,
161,1.0821,30,-2.0003e-06,-87,-1.69446e-05,0.000220415,0.0499792,0.99875,6.63061e-07,0,0,0,0,0,0,0,0,0,0,0,0,0,0,0,-0,0,0,0,0,0,0,0,0,0,0,0,0,0,0,0,0,0,0,0,0,0,0,0,0,0,0,0,0,0,0,0,0,0,0,0,0.000274316,0.00580465,0.000588102,0.00439498,0.00223486,0.000688395,0.00149699,0.00300367,0.000579339,0.00304523,0.0178882,0.00273501,0.0142949,0.0250924,0.0394075,0.0146373,0.020796,0.00588467,0.0127402,0.0493373,0,0,0,0,0,0,0,0,0,0,0,0,0,0,0,0,0,0,0,0,0,0,0,0,0,0,0,0,
162,1.06465,30,-2.00032e-06,-87,-1.69445e-05,0.000220415,0.0499792,0.99875,1.57655e-06,0,0,0,0,0,0,0,0,0,0,0,0,0,0,0,0,0,0,0,0,0,0,0,0,0,0,0,0,0,0,0,0,0,0,0,0,0,0,0,0,0,0,0,0,0,0,0,0,0,0,0,0.000271442,0.00267417,0.00118766,0.000499873,0.000122821,0.000416533,0.000587586,0.00083387,0.000582482,0.00521691,0.0144773,0.000361248,0.000266049,0.000138974,0.0337985,0.0130904,0.0257709,0.0566632,0.0689429,0.0901725,0.0257551,0,0,0,0,0,0,0,0,0,0,0,0,0,0,0,0,0,0,0,0,0,0,0,0,0,0,0,
163,1.0472,30,-2.00032e-06,-87,-1.69446e-05,0.000220415,0.0499792,0.99875,2.06405e-06,0,0,0,0,0,0,0,0,0,0,0,0,0,0,0,0,0,0,0,0,0,0,0,0,0,0,0,0,0,0,0,0,0,0,0,0,0,0,0,-0,0,0,0,0,0,0,0,0,0,0,0,1.86201e-05,0.00302634,0.00163702,0.0062826,0.00483816,0.000366267,0.0185095,0.00293215,0.00252957,0.000305242,0,0,0.00327256,0.000713588,0.0134738,0.015845,0.0394967,0.0543477,0.0225523,0.0435589,0.0183053,0,0,0,0,0,0,0,0,0,0,0,0,0,0,0,0,0,0,0,0,0,0,0,0,0,0,0,
164,1.02974,30,-2.00031e-06,-87,-1.69446e-05,0.000220415,0.0499792,0.99875,2.03299e-06,0,0,0,0,0,0,0,0,0,0,0,0,0,0,0,0,0,0,0,0,0,0,0,0,0,0,0,0,0,0,0,0,0,0,0,0,0,0,0,0,0,0,0,0,0,0,0,0,0,0,0,8.47567e-05,0.00698428,0.00248874,0.000385084,0.0266564,6.40906e-05,0.0268293,0.00140903,0.00448138,0.000135229,0.00430524,0.00969382,0.0378076,0.00313796,0.0548909,0.0305221,0.00409468,0.0717707,0.0892463,0.0362668,0.0887971,0.102284,0,0,0,0,0,0,0,0,0,0,0,0,0,0,0,0,0,0,0,0,0,0,0,0,0,0,
