frame,angle_head,position_x,position_y,position_z,orientation_x,orientation_y,orientation_z,orientation_w,raw
0,-1.5708,0,0,0,0,0,0,0,2.45349e-06,0,0,0,0,0,0,0,0,0,0,0,0,0,0,0,0,0,0,0,0,0,0,0,-0,0,0,0,0,0,0,0,0,0,0,0,0,0,0,0,0,0,0,0,0,0,0,0,0,0,
1,-1.55334,30,-1.29479e-06,-85.9303,-5.58532e-06,0.000221859,-3.43645e-07,1,2.21834e-06,0,0,0,0,0,0,0,0,0,0,0,0,0,0,0,0,0,0,0,0,0,0,0,0,0,0,0,0,0,0,0,0,0,0.0305673,0.0228225,0.043717,0.010247,0.012741,0.0428693,0.0377046,0.0207314,0.0025209,0.0506721,0.024703,0.0363106,0.0657303,0.0237448,0.0516998,0,
2,-1.53589,30,-1.29479e-06,-85.9303,-5.58532e-06,0.000221859,-3.43629e-07,1,4.00716e-06,0,0,0,0,0,0,0,0,0,0,0,0,0,0,0,0,0,0,0,0,0,0,0,0,0,0,0,0,0,0,0,0,0,0.0705257,0.0214982,0.0263026,0.016399,0.00262586,0,0.0327672,0.0278345,0,0.00514259,0.0467232,0.0337047,0.0143484,0.0574167,0.0153671,0,
3,-1.51844,30,-1.29479e-06,-85.9303,-5.58532e-06,0.000221859,-3.43615e-07,1,4.37161e-07,0,0,0,0,0,0,0,0,0,0,0,0,0,0,0,0,0,0,0,0,0,0,0,0,0,0,0,0,0,0,0,0,0,0.0441347,0.0317337,0.0267647,0.0131239,0.0388077,0.00544865,0.0230167,0.0572808,0,0,0,0.0379407,0.0279079,0.0446235,0.0417929,0,
4,-1.50098,30,-1.29479e-06,-85.9303,-5.58532e-06,0.000221859,-3.43605e-07,1,2.09758e-06,0,0,0,0,0,0,0,0,0,0,0,0,0,0,0,0,0,0,0,0,0,0,0,0,0,0,0,0,0,0,0,0,0,0.0335393,0.0337589,0.0189495,0.00951323,0.00648306,0.00347555,0.00902615,0.0147925,0,0,0,0,0,0.0173908,0.0221074,0,
5,-1.48353,30,-1.29479e-06,-85.9303,-5.58533e-06,0.000221859,-3.43597e-07,1,3.88291e-06,0,0,0,0,0,0,0,0,0,0,0,0,0,0,0,0,0,0,0,0,0,0,0,0,0,0,0,0,0,0,0,0,0,0.0481472,0.0118826,0.0327297,0.0138268,0.0156576,0.0175056,0.0263807,0.0391554,0,0,0,0,0,0,0,0,
6,-1.46608,30,-1.29478e-06,-85.9303,-5.58533e-06,0.000221859,-3.43587e-07,1,2.7481e-06,0,0,0,0,0,0,0,0,0,0,0,0,0,0,0,0,0,0,0,0,0,0,0,0,0,0,0,0,0,0,0,0,0,0.0394249,0.0139792,0.0191405,0.00546438,0.0274841,0.0166622,0.0339375,0.0178382,0,0,0,0,0,0,0,0,
7,-1.44862,30,-1.29478e-06,-85.9303,-5.58532e-06,0.000221859,-3.43581e-07,1,3.28552e-06,0,0,0,0,0,0,0,0,0,0,0,0,0,0,0,0,0,0,0,0,0,0,0,0,0,0,0,0,0,0,0,0,0,0.0300612,0.0366221,0.00363392,0.00279948,0.00706145,0.0159521,0.0119456,0.0461212,0,0,0,0,0,0,0,0,
8,-1.43117,30,-1.29479e-06,-85.9303,-5.58532e-06,0.000221859,-3.43583e-07,1,1.69104e-06,0,0,0,0,0,0,0,0,0,0,0,0,0,0,0,0,0,0,0,0,0,0,0,0,0,0,0,0,0,0,0,0,0,0.0259781,0.0401738,0.0146124,0.0204779,0.0115644,0.0189287,0.0912849,0.0584023,0,0,0,0,0,0,0,0,
9,-1.41372,30,-1.29478e-06,-85.9303,-5.58532e-06,0.000221859,-3.43576e-07,1,2.01685e-06,0,0,0,0,0,0,0,0,0,0,0,0,0,0,0,0,0,0,0,0,0,0,0,0,0,0,0,0,0,0,0,0,0,0.0154646,0.0203956,0.0339335,0.0200548,0.0120662,0.049976,0.0194296,0.0336902,0,0,0,0,0,0,0,0,
10,-1.39626,30,-1.29479e-06,-85.9303,-5.58532e-06,0.000221859,-3.4356e-07,1,1.68877e-06,0,0,0,0,0,0,0,0,0,0,0,0,0,0,0,0,0,0,0,0,0,0,0,0,0,0,0,0,0,0,0,0,0,0.0331351,0.018556,0.0664706,0.00471048,0.0488188,0.0115758,0.0112339,0.0451959,0,0,0,0,0,0,0,0,
11,-1.37881,30,-1.29479e-06,-85.9303,-5.58532e-06,0.000221859,-3.43556e-07,1,1.70074e-06,0,0,0,0,-0,0,0,0,0,0,0,0,0,0,0,0,0,0,0,0,0,0,0,0,0,0,0,0,0,0,0,0,0,0.0218505,0.0212524,0.0177406,0.0141643,0.0248725,0.0212298,0.0150741,0.0155688,0,0,0,0,0,0,0,0,
12,-1.36136,30,-1.29478e-06,-85.9303,-5.58533e-06,0.000221859,-3.43581e-07,1,3.78247e-06,0,0,0,0,0,0,0,0,0,0,0,0,0,0,0,0,0,0,0,0,0,0,0,0,0,0,0,0,0,0,-0,0,0,0.00757134,0.0338917,0.00817788,0.00973556,0.01721,0.00977328,0.0338219,0.0508765,0,0,0,0,0,0,0,0,
13,-1.3439,30,-1.29478e-06,-85.9303,-5.58533e-06,0.000221859,-3.43587e-07,1,4.49294e-07,0,0,0,0,-0,0,0,0,0,0,0,0,0,0,0,0,0,0,0,0,0,0,0,0,0,0,0,0,0,0,0,0,0,0.009372,0.0138385,0.00966963,0.00504922,0.00140512,0.0233127,0.0226969,0.00561178,0,0,0,0,0,0,0,0,
14,-1.32645,30,-1.29479e-06,-85.9303,-5.58533e-06,0.000221859,-3.43589e-07,1,2.37205e-06,0,0,0,0,0,0,0,0,0,0,0,0,0,0,0,0,0,0,0,0,0,0,0,0,0,0,0,0,0,0,0,0,0,0.0194522,0.00730827,0.0151486,0.00813984,0.00307324,0.0219777,0.000801435,0.0242503,0,0,0,0,0,0,0,0,
15,-1.309,30,-1.29478e-06,-85.9303,-5.58533e-06,0.000221859,-3.43587e-07,1,2.35842e-06,0,0,0,0,0,0,0,0,0,0,0,0,0,0,0,0,0,0,0,0,0,0,0,0,0,0,0,0,0,0,0,0,0,0.042051,0.00310903,0.0182865,0.00600886,0.0151283,0.00140471,0.0293338,0.0351477,0.0747201,0,0,0,0,0,0,0,
16,-1.29154,30,-1.29478e-06,-85.9303,-5.58533e-06,0.000221859,-3.43585e-07,1,1.64298e-06,0,0,0,0,0,0,0,0,0,0,0,0,0,0,0,0,0,0,0,0,0,0,0,0,0,0,0,0,0,0,0,0,0,0.0331117,0.00839413,0.0192607,0.00370651,0.00364403,0.0286341,0.0190121,0.0392459,0.0313328,0,0,0,0,0,0,0,
17,-1.27409,30,-1.29478e-06,-85.9303,-5.58533e-06,0.000221859,-3.4357e-07,1,2.89564e-06,0,0,0,0,0,0,0,0,0,0,0,0,0,0,0,0,0,0,0,0,0,0,0,0,0,0,0,0,0,0,0,0,0,0.0189744,0.0131153,0.00263739,0.00656386,0.00142666,0.00968095,0.0137366,0.0236901,0.0686024,0.0208765,0,0,0,0,0,0,
18,-1.25664,30,-1.29478e-06,-85.9303,-5.58533e-06,0.000221859,-3.43571e-07,1,3.65605e-06,0,0,0,0,0,0,0,0,0,0,0,0,0,0,0,0,0,0,0,0,0,0,0,0,0,0,0,0,0,0,0,0,0,0.00343003,0.0038447,0.00447842,0.00534594,0.00463001,0.0334215,0.00315528,0.0122522,0.0109357,0.0750765,0.0532022,0.020837,0,0,0,0,
19,-1.23918,30,-1.29478e-06,-85.9303,-5.58533e-06,0.000221859,-3.43574e-07,1,3.65872e-06,0,0,0,0,0,0,0,0,0,0,0,0,0,0,0,0,0,0,0,0,0,0,0,0,0,0,0,0,0,0,0,0,0,0.000329619,0.007618,0.00271086,0.00369864,0.00266676,0.0407514,0.0341385,0.0164967,0,0.0593458,0.100685,0.043831,0.00850108,0.0139701,0.0594786,0,
20,-1.22173,30,-1.29477e-06,-85.9303,-5.58533e-06,0.000221859,-3.43587e-07,1,1.4335e-06,0,0,0,0,0,0,0,0,0,0,0,0,0,0,0,0,0,0,0,0,0,0,0,0,0,0,0,0,0,0,0,0,0,0.000795988,0.0107125,0.0102282,0.00124855,0.0241739,0.0392637,0.0305454,0.00581107,0,0,0.0546512,0.0512968,0.0574252,0.0297819,0.0472495,0,
21,-1.20428,30,-1.29477e-06,-85.9303,-5.58533e-06,0.000221859,-3.43582e-07,1,2.46945e-06,0,0,0,0,0,0,0,0,0,0,0,0,0,0,0,0,0,0,0,0,0,0,0,0,0,0,0,0,0,0,0,0,0,0.026164,0.0105361,0.0100176,0.00973372,0.00251109,0.0361077,0.0115192,0.00249152,0,0,0.0151708,0.0169791,0.0648141,0.0160076,0.0646685,0,
22,-1.18682,30,-1.29477e-06,-85.9303,-5.58533e-06,0.000221859,-3.43585e-07,1,5.14969e-07,0,0,0,0,0,0,0,0,0,0,0,0,0,0,0,0,0,0,0,0,0,0,0,0,0,0,0,0,0,0,0,0,0,0.0049722,0.00919092,0.00204858,0.00755589,0.0199059,0.0186284,0.0199736,0,0,0.0478653,0.0436677,0.0486874,0.00739329,0.0296014,0.0307801,0,
23,-1.16937,30,-1.29477e-06,-85.9303,-5.58533e-06,0.000221859,-3.43585e-07,1,3.00613e-06,0,0,0,0,0,0,0,0,0,0,0,0,0,0,0,0,0,0,0,0,0,0,0,0,0,0,0,0,-0,0,0,0,0,0.000736159,0.00490843,0.017535,0.00144341,0.00498522,0.0507677,0.0146325,0.0465815,0.0399684,0.0465845,0.0283964,0.0378373,0.0139221,0.0451271,0.037756,0,
24,-1.15192,30,-1.29477e-06,-85.9303,-5.58533e-06,0.000221859,-3.43578e-07,1,2.17629e-06,0,0,0,0,0,0,0,0,0,0,0,0,0,0,0,0,0,0,-0,0,0,0,0,0,0,0,0,0,0,0,0,0,0,0.00478977,0.000284896,0.00538633,0,0.00225447,0.0122483,0.00930999,0.00342217,0.0209648,0.044201,0.0283965,0.0473289,0.0463376,0.0367822,0.0535801,0,
25,-1.13446,30,-1.29477e-06,-85.9303,-5.58533e-06,0.000221859,-3.43576e-07,1,2.2028e-06,0,0,0,0,0,0,0,0,0,0,0,0,0,0,0,0,0,0,0,0,0,0,0,0,0,0,0,0,0,0,0,0,0,0.00773498,0.00392665,0.0496516,0.00195806,0.00108867,0.0266257,0.00920961,0.0213318,0.0317101,0.0268202,0.0151216,0.0392872,0.0238605,0.0857005,0.0472687,0,
26,-1.11701,30,-1.29477e-06,-85.9303,-5.58531e-06,0.000221859,-3.43583e-07,1,2.52415e-06,0,0,0,0,0,-0,0,0,0,0,0,0,0,0,0,0,0,0,0,0,0,0,0,0,0,0,0,0,0,0,0,0,0,0.00349742,0.00372442,0.00972623,0.00529613,0.00339141,0.0256945,0.0171396,0.0401463,0.045495,0.00514285,0.0100098,0.0312536,0.0335632,0.0800589,0.0517421,0,
27,-1.09956,30,-1.29477e-06,-85.9303,-5.58531e-06,0.000221859,-3.43579e-07,1,1.5421e-06,0,0,0,0,0,0,0,0,0,0,0,0,0,0,0,0,0,0,0,0,0,0,0,0,0,0,0,0,0,0,0,0,0,0.00349632,0.0045516,0.00530269,0.00292152,0.00743603,0.0318029,0.0220302,0.0350743,0.021859,0.0231778,0.0292111,0.0464665,0.0625922,0.0474107,0.0294572,0,
28,-1.0821,30,-1.29477e-06,-85.9303,-5.58531e-06,0.000221859,-3.43572e-07,1,4.64285e-06,0,0,0,0,0,0,0,0,0,0,0,0,0,0,0,0,0,0,0,0,0,0,0,0,0,0,0,0,0,0,0,0,0,0.0132688,0.0012953,0.00234385,0.00728125,0.00315565,0.0173876,0.0129044,0.0313337,0.0529334,0.00891554,0.0278743,0.0425896,0.0460108,0,0,0,
29,-1.06465,30,-1.29478e-06,-85.9303,-5.58532e-06,0.000221859,-3.43563e-07,1,0,0,0,0,0,0,0,0,0,0,0,0,0,0,0,0,0,0,0,0,0,0,0,0,0,0,0,0,0,0,0,0,0,0,0.00199501,0.00941122,0.00135067,0.0100239,0.00375484,0.0465852,0.0337328,0.00115324,0.0339351,0.0728495,0.00636154,0.0657588,0.0229182,0,0,0,
30,-1.0472,30,-1.29477e-06,-85.9303,-5.58532e-06,0.000221859,-3.43562e-07,1,3.88299e-06,0,0,0,0,0,0,0,0,0,0,0,0,0,0,0,0,0,0,0,0,0,0,0,0,0,0,0,0,0,0,0,0,1.74258e-05,0.00102979,0.00255607,0.0095101,0.00361787,0.0295817,0.00701677,0.0312202,0.0206204,0.0131965,0.0480549,0.0222556,0.0358552,0.0573574,0,0,0,
31,-1.02974,30,-1.29477e-06,-85.9303,-5.58532e-06,0.000221859,-3.43554e-07,1,1.43021e-06,0,0,0,0,0,0,0,0,0,0,0,0,0,0,0,0,0,0,0,0,0,0,0,0,0,0,0,0,0,0,0,0,0.000844353,0.00425449,0.00713722,0.00544412,0.0140958,0.0304957,0.0303776,0,0.00970304,0.0242964,0.0366883,0.0319629,0.0627428,0.0984426,0,0,0,
32,-1.01229,30,-1.29477e-06,-85.9303,-5.58533e-06,0.000221859,-3.43556e-07,1,2.49724e-06,0,0,0,0,0,0,0,0,0,0,0,0,0,0,0,0,0,0,0,0,0,0,0,0,0,0,0,0,0,0,0,0,0.015794,0.00470088,0.00226442,0.0132394,0.0110148,0.0151728,0.000283743,0,0.0231507,0.0356674,0.063011,0.075262,0.0308535,0,0,0,0,
33,-0.994838,30,-1.29477e-06,-85.9303,-5.58533e-06,0.000221859,-3.43568e-07,1,1.81511e-06,0,0,0,0,0,0,0,0,0,0,-0,0,0,0,0,0,0,0,0,0,0,0,0,0,0,0,0,0,0,0,0,0,0.00224137,0.0218233,0.00513138,0.00239799,0.0168015,0.00867846,0.068316,0,0.0223412,0.0290773,0.0422983,0,0,0,0,0,0,
34,-0.977384,30,-1.29477e-06,-85.9303,-5.58533e-06,0.000221859,-3.43564e-07,1,2.09267e-06,0,0,0,0,0,0,0,0,0,0,0,0,0,0,0,0,0,0,0,0,0,0,0,0,0,0,0,0,0,0,0,0,0.00083815,0.031134,0.00487752,0.00392381,0.00746893,0.00520934,0.0320132,0.0117536,0.0521194,0.0146243,0.0515008,0.0410397,0,0,0,0,0,
35,-0.959931,30,-1.29477e-06,-85.9303,-5.58533e-06,0.000221859,-3.43558e-07,1,2.75262e-06,0,0,0,0,0,0,0,0,0,0,0,0,0,0,0,0,0,0,0,0,0,0,0,0,0,0,0,0,0,0,0,0,0.0039274,0.00414968,0.00452908,0.00392574,0.0219243,0.00907782,0.0217546,0.0351857,0.0369417,0.0523056,0.0362359,0.0124976,0.0822235,0,0.0988482,0.0350799,0,
36,-0.942478,30,-1.29478e-06,-85.9303,-5.58533e-06,0.000221859,-3.4355e-07,1,3.26826e-06,0,0,0,0,0,0,0,0,0,0,0,0,0,0,0,0,0,0,0,0,0,0,0,0,0,0,0,0,0,0,0,0,0.00534918,0.00361593,0.00512241,0.00447799,0.0102199,0.0140284,0.0188121,0.00967205,0.0427589,0.0247766,0.0339665,0.0162476,0.00943089,0.133182,0.0367583,0.0461868,0,
37,-0.925025,30,-1.29478e-06,-85.9303,-5.58533e-06,0.000221859,-3.43527e-07,1,4.66972e-06,0,0,0,0,0,0,0,0,0,0,0,0,0,0,0,0,0,0,0,0,0,0,0,0,0,0,0,0,0,0,0,0,0.0150961,0.00234346,0.00257935,0.00260083,0.00200718,0.00874198,0.00903446,0.0268773,0.0545117,0,0,0,0,0.0265971,0.0917255,0,0,
38,-0.907571,30,-1.29478e-06,-85.9303,-5.58533e-06,0.000221859,-3.43525e-07,1,2.68975e-06,0,0,0,0,0,0,0,0,0,0,0,0,0,0,0,0,0,0,0,0,0,0,0,0,0,0,0,0,0,0,0,0,0.00281901,0.000432882,0.0120441,0.00231941,0.00690011,0.0147713,0.0292629,0.0053788,0.0123393,0.0173588,0,0,0.0316808,0.00620835,0.0129022,0.0233575,0,
39,-0.890118,30,-1.29478e-06,-85.9303,-5.58533e-06,0.000221859,-3.43512e-07,1,4.22037e-06,0,0,0,0,0,0,0,0,0,0,0,0,0,0,0,0,0,0,0,0,0,0,0,0,0,0,0,0,0,0,0,0.000159442,0.00207103,0.0128687,0.0185315,0.00840659,0.00528172,0.0163259,0.04451,0.0358918,0.0143609,0.00392897,0.0770736,0.0750603,0.039334,0.0382798,0.0408074,0.0383565,0,
40,-0.872665,30,-1.29478e-06,-85.9303,-5.58533e-06,0.000221859,-3.43523e-07,1,3.40055e-06,0,0,0,0,0,0,0,0,0,0,0,0,0,0,0,0,0,0,0,0,0,0,0,0,0,0,0,0,0,0,0,0.00484101,0.00832955,0.0113962,0.00136838,0.0208436,0.00785168,0.0204301,0.0288454,0.0321934,0.0385594,0.0138263,0.0350555,0.042875,0.0282038,0.0405737,0.0332746,0.0296854,0,
41,-0.855211,30,-1.29478e-06,-85.9303,-5.58534e-06,0.000221859,-3.43489e-07,1,3.52305e-06,0,0,0,0,0,0,0,0,0,0,0,0,0,0,0,0,0,0,0,0,0,0,0,0,0,0,0,0,0,0,0.00902466,0.00639678,0.0223736,0.00348156,0.000276701,0.0229107,0.0155097,0.00453146,0.0114676,0.0214835,0.0287463,0.0345811,0,0.0569059,0.0197838,0.0194053,0.0141787,0.0183195,0,
42,-0.837758,30,-1.29478e-06,-85.9303,-5.58534e-06,0.000221859,-3.43465e-07,1,3.34625e-06,0,0,0,0,0,0,0,0,0,0,0,0,0,0,0,0,0,0,0,0,0,0,0,0,0,0,0,0,0,0,0.00183388,0.00311288,0.00333216,0.0103,0.0044289,0.00767898,0.0364591,0.00462999,0.00712189,0.0244249,0.0323107,0.0462767,0,0,0,0,0.0225048,0.0339959,0,
43,-0.820305,30,-1.29478e-06,-85.9303,-5.58534e-06,0.000221859,-3.43447e-07,1,3.16632e-06,0,0,0,0,0,0,0,0,0,0,0,0,0,0,0,0,0,0,0,0,0,0,0,0,0,0,0,0,0,0.00194954,0.0117689,0.0184471,0.0182431,0.0250659,0.00850539,0.00903337,0.0248049,0.00337928,0.00310214,0.0294746,0.0196949,0.0184722,0,0,0,0,0.0185082,0.0223296,0,
44,-0.802851,30,-1.29479e-06,-85.9303,-5.58532e-06,0.000221859,-3.43403e-07,1,1.56083e-06,0,0,0,0,0,0,0,0,0,0,-0,0,-0,0,0,0,0,0,0,0,0,0,0,0,0,0,0,0,0,0.00191454,0.00587885,0.0142473,0.0127128,0.00567488,0.00954988,0.00423208,0.0316033,0.00294788,0.00610223,0.0480757,0.0678179,0.0236906,0,0,0,0.0223185,0.0633596,0.0238774,0,
45,-0.785398,30,-1.29479e-06,-85.9303,-5.58532e-06,0.000221859,-3.43372e-07,1,2.53883e-06,0,0,0,0,0,0,0,0,0,0,0,0,0,0,0,0,0,0,0,0,0,0,0,0,0,0,0,0,0,3.96567e-05,0.00293888,0.00506839,0.00375066,0.0216578,0.00456389,0.010516,0.0217022,0.0166554,0.00809563,0,0.0225611,0.0236049,0,0,0,0.0257296,0.0313749,0.0106727,0,
46,-0.767945,30,-1.29479e-06,-85.9303,-5.58533e-06,0.000221859,-3.43346e-07,1,2.42684e-06,0,0,0,0,0,0,0,0,0,0,0,0,0,0,0,0,0,0,0,0,0,0,0,0,0,0,0,0,0,0.0126249,0.00052754,0.00261712,0.0034197,0.00344319,0.0126286,0.03565,0.0219181,0.0149892,0,0,0,0.0372977,0,0,0.0793083,0.0304607,0.0323747,0.0241313,0,
47,-0.750492,30,-1.29479e-06,-85.9303,-5.58533e-06,0.000221859,-3.43338e-07,1,2.31216e-06,0,0,0,0,0,0,0,0,0,0,0,0,0,0,0,0,0,0,0,0,0,0,0,0,0,0,0,0,0,0.00428299,0.000584685,0.00175844,0.00151725,0.0020874,0.00873032,0.03041,0.0455779,0,0,0,0,0,0,0,0.0198473,0.0182772,0.0593787,0.0326126,0,
48,-0.733038,30,-1.29479e-06,-85.9303,-5.58532e-06,0.000221859,-3.43346e-07,1,2.5874e-06,0,0,0,0,0,0,0,0,0,0,0,0,0,0,0,0,0,0,0,0,0,0,0,0,0,0,0,0,0,0.000648357,0.00401209,0.00072423,0,0.0186875,0.00264685,0.0195795,0.0691748,0,0,0,0,0,0,0,0,0.0170728,0.0239088,0.0306282,0,
49,-0.715585,30,-1.29478e-06,-85.9303,-5.58535e-06,0.000221859,-3.43331e-07,1,2.5313e-06,0,0,0,0,0,0,0,0,0,0,0,0,0,0,0,0,0,0,0,0,0,0,0,0,0,0,0,0,0,0.000553194,0.00587161,0.000739196,0.00127547,0.00382856,0.0150283,0.0175674,0.00714939,0.0519137,0,0,0,0,0,0,0,0.0315762,0.0633436,0.0594604,0,
50,-0.698132,30,-1.29478e-06,-85.9303,-5.58536e-06,0.000221859,-3.43339e-07,1,2.7271e-06,0,0,0,0,0,0,0,0,0,0,0,0,0,0,0,0,0,0,0,0,0,0,0,0,0,0,-0,0,0,0.00148593,0.00409649,0.00696446,0.00230095,0.00366674,0.00537505,0.0460439,0.0231956,0.0648658,0.000955814,0,0,0,0,0,0.0121787,0.0418334,0.0332792,0.0717839,0,
51,-0.680678,30,-1.29478e-06,-85.9303,-5.58536e-06,0.000221859,-3.43347e-07,1,2.7893e-06,0,0,0,0,0,0,0,0,0,0,0,0,0,0,0,0,0,0,0,0,0,0,0,0,0,0,0,0,0,0.000405664,0.00346008,0.00508587,0.00331342,0.00119779,0.00707347,0.0149518,0.0183385,0.026546,0.0379804,0.0272463,0.0346754,0.0408705,0.0285323,0.0302397,0.00298944,0.0436746,0.0532028,0.0703046,0,
52,-0.663225,30,-1.29478e-06,-85.9303,-5.58536e-06,0.000221859,-3.4335e-07,1,4.69986e-06,0,0,0,0,0,0,0,0,0,0,0,0,0,0,0,-0,0,0,0,0,0,0,0,0,0,0,0,0,0,0.00126886,0.00339647,0.00329912,0.00323868,0.000798389,0.0186135,0.0227661,0.0237328,0.0162086,0.0100186,0.0424934,0.0718166,0.0462136,0.0282202,0.0501518,0,0,0,0,0,
53,-0.645772,30,-1.29478e-06,-85.9303,-5.58535e-06,0.000221859,-3.43354e-07,1,3.34858e-06,0,0,0,0,0,0,0,0,0,0,0,0,0,0,0,0,0,0,0,0,0,0,0,0,0,0,0,0,0,0.00156055,0.00366241,0.00069728,0.00122575,0.0136408,0.0281138,0.0457041,0.0182503,0.0178056,0.0206645,0.0391146,0.0583618,0.0120977,0.00664217,0.0787471,0,0,0,0,0,
54,-0.628319,30,-1.29478e-06,-85.9303,-5.58535e-06,0.000221859,-3.4338e-07,1,1.23584e-06,0,0,0,0,0,0,0,0,0,0,0,0,0,0,0,0,0,0,0,0,0,0,0,0,0,0,0,0,0,0.00124278,0.000467486,0.00133455,0.00259086,0.000600199,0.00542048,0.0174453,0.0353824,0.0235514,0.0156698,0.00846583,0.0382275,0.0191311,0.055281,0,0,0,0,0,0,
55,-0.610865,30,-1.29478e-06,-85.9303,-5.58535e-06,0.000221859,-3.434e-07,1,2.69897e-06,0,0,0,0,0,0,0,0,0,0,0,0,0,0,0,0,0,0,0,0,0,0,0,0,0,0,0,0,0.00101365,0.00197481,0.00120285,0.00197979,0.00168504,0.000863258,0.0356647,0.0200945,0.0287416,0.0203444,0.0187231,0.0368586,0.0140854,0.0477777,0.043328,0,0,0,0,0,0,
56,-0.593412,30,-1.29478e-06,-85.9303,-5.58535e-06,0.000221859,-3.43412e-07,1,2.6709e-06,0,0,0,0,0,0,0,0,0,0,0,0,0,0,0,0,0,0,0,0,0,0,0,0,0,0,0,0,0.000323463,0.000712618,0.000462237,0.000128373,0.00106792,0.000399906,0.00247067,0.0128227,0.00778746,0.00921588,0.0264685,0.0108239,0.0310567,0.0146739,0,0,0,0,0,0,0,
57,-0.575959,30,-1.29478e-06,-85.9303,-5.58534e-06,0.000221859,-3.4342e-07,1,3.85983e-06,0,0,0,0,0,0,0,0,0,0,0,0,0,0,0,0,0,0,0,0,0,0,0,0,0,0,0,0,0.00601891,0.00421889,0.00058585,0.000832165,0.00096745,0.00111149,0.00352716,0.0148889,0.00351862,0.00317587,0.00575088,0.0182805,0.0181069,0.0333527,0,0,0,0,0,0,0,
58,-0.558505,30,-1.29478e-06,-85.9303,-5.58534e-06,0.000221859,-3.43428e-07,1,2.96317e-06,0,0,0,0,0,0,0,0,0,0,0,0,0,0,0,0,0,0,0,0,0,0,0,0,0,0,0,0,0.00675978,0.00644627,0.00433358,0.00162518,0.000438103,0.00218494,0.00267223,0.0318173,0.00990785,0.00119981,0.0112636,0.0461126,0.0196398,0,0,0,0,0,0,0,0,
59,-0.541052,30,-1.29478e-06,-85.9303,-5.58534e-06,0.000221859,-3.43422e-07,1,1.5892e-06,0,0,0,0,0,0,0,0,0,0,0,0,0,0,0,0,0,0,0,0,0,0,0,0,0,0,0,0,0.00817638,0.00138024,0.00763774,0.00124038,0.000350827,0.000855802,0.00128283,0.0192088,0.0215656,0.0187634,0.00839977,0.0216098,0.0124572,0.141137,0,0,0,0,0,0,0,
60,-0.523599,30,-1.29478e-06,-85.9303,-5.58533e-06,0.000221859,-3.43451e-07,1,3.53655e-06,0,0,0,0,0,0,0,0,0,0,0,0,0,0,0,0,0,0,0,0,0,0,0,0,0,0,0,0,0.0190688,0.00884623,0.00443468,0.00326712,0.00143299,0.0199226,0.00156565,0.0166213,0.00289528,0.00839483,0.0273846,0.034496,0.0176216,0.0455409,0.0106218,0,0,0,0,0,0,
61,-0.506145,30,-1.29478e-06,-85.9303,-5.58533e-06,0.000221859,-3.43454e-07,1,3.60461e-06,0,0,0,0,0,0,0,0,0,0,0,0,0,0,0,0,0,0,0,0,0,0,0,0,0,0,0,0,0.0107959,0.00580192,0.000347123,0.00290666,0.00610555,0.0356603,0.000343837,0.000544888,0.00656735,0.0356262,0.0115043,0.0351383,0.0420491,0.0485744,0.0371667,0.0986537,0.114891,0,0,0,0,
62,-0.488692,30,-1.29479e-06,-85.9303,-5.58533e-06,0.000221859,-3.43351e-07,1,2.43392e-06,0,0,0,0,0,0,0,0,0,0,0,0,0,0,0,0,0,0,0,0,0,0,-0,0,0,0,0,0,0.00620805,0.00244839,0.00113639,0.00307052,0.00571049,0.0113765,0.00346553,0.0169692,0.0252352,0.0253053,0.00807944,0.015088,0.0221318,0.0417879,0.0834418,0.0351548,0.0571365,0.0223631,0,0,0,
63,-0.471239,30,-1.29479e-06,-85.9303,-5.58532e-06,0.000221859,-3.43305e-07,1,1.91673e-06,0,0,0,0,0,0,0,0,0,0,0,0,0,0,0,0,0,0,0,0,0,0,0,0,0,0,0,0,0.000511813,0.00161793,0.00718184,0.00182901,0.000154449,0.00225246,0.00290915,0.0142798,0.00733523,0.00549588,0.0418148,0.0261288,0.0124115,0.00936419,0,0.00744219,0.0166573,0.0247741,0.0389036,0.000416276,0,
64,-0.453786,30,-1.29479e-06,-85.9303,-5.58532e-06,0.000221859,-3.43291e-07,1,2.9699e-06,0,0,0,0,0,0,0,0,0,0,0,0,0,0,0,0,0,0,0,0,0,0,0,0,0,0,0,0.00443259,0.00906034,0.00130329,0.00533493,0.00296281,0.00272148,0.00218383,0.00623693,0.00645278,0.0121383,0.0101102,0.0203304,0.00344673,0,0,0,0.023179,0.034462,0.0129973,0.0289006,0.0266353,0,
65,-0.436332,30,-1.29479e-06,-85.9303,-5.58532e-06,0.000221859,-3.43308e-07,1,4.23287e-06,0,0,0,0,0,0,0,0,0,0,0,0,0,0,0,0,0,0,0,0,0,0,0,0,0,0,0,0.0821727,0.0248451,0.000363178,0.000803395,0.00157828,0.041567,0.00903478,0.00885671,0.00763531,0.017371,0.0127172,0.00667172,0.0163015,0.00760518,0.0167344,0.000682513,0.00223832,0.0270591,0,0.0237981,0.0222301,0,
66,-0.418879,30,-1.29479e-06,-85.9303,-5.58532e-06,0.000221859,-3.43312e-07,1,1.24598e-06,0,0,0,0,0,0,0,0,0,0,0,0,0,0,0,0,0,0,0,0,0,0,0,0,0,0,0,0.060544,0.0261511,0.00075067,0.00052105,0.0112818,0.0164196,0.00429976,0.00175567,0.0142982,0.0106301,0.048215,0.00940201,0.0237912,0.00574605,0.0109813,0.0286547,0.0287924,0.000859113,0.0241262,0.0124958,0.0207725,0,
67,-0.401426,30,-1.29479e-06,-85.9303,-5.58532e-06,0.000221859,-3.43318e-07,1,2.92093e-06,0,0,0,0,0,0,0,0,0,0,0,0,0,0,0,0,0,0,0,0,0,0,0,0,0,0,0,0.0101268,0.0223925,0.000977952,0.000319776,0.00399952,0.00282095,0.00200728,0.0166073,0.00941444,0.00650541,0.0140744,0.00598144,0.0319847,0.0243032,0.00552215,0.00925221,0.00935637,0.0166656,0.0205239,0.0122488,0.000678862,0,
68,-0.383972,30,-1.29479e-06,-85.9303,-5.58532e-06,0.000221859,-3.43324e-07,1,2.52815e-06,0,0,0,0,0,0,0,0,0,0,0,0,0,0,0,0,0,0,0,0,0,0,0,0,0,0,0,0.00393024,0.00383821,0.004425,0.00206487,0.000486317,0.00624794,0.038606,0.0633811,0.00326573,0.00682496,0.0200774,0.0107922,0.0648724,0.00836337,0.0145218,0.0133897,0.00391763,0.0211899,0.024212,0.0137292,0,0,
69,-0.366519,30,-1.29479e-06,-85.9303,-5.58533e-06,0.000221859,-3.43345e-07,1,2.20497e-06,0,0,0,0,0,0,0,0,0,0,0,0,0,0,0,0,0,0,0,0,0,0,0,0,0,0,0,0.00501387,0.00137828,0.00613041,0.00297309,0.000910097,0.0011102,0.027174,0.0145211,0.0069325,0.00725852,0.00689131,0.00794512,0.0863223,0.00506698,0.0163834,0.0280552,0.0129106,0.0159126,0.0246165,0.0464056,0,0,
70,-0.349066,30,-1.29478e-06,-85.9303,-5.58533e-06,0.000221859,-3.4336e-07,1,3.78825e-06,0,0,0,0,0,0,0,0,0,0,0,0,0,0,0,0,0,0,0,0,0,0,0,0,0,0,0,0.0016217,0.000653924,0.00176113,0.00052197,0.00278287,0.00133688,0.00132593,0.0040139,0.00755147,0.00772947,0.00844199,0.00809406,0.0360451,0.00640164,0.0116437,0.0124596,0.0145881,0.0208334,0.0795046,0.0229134,0,0,
71,-0.331613,30,-1.29478e-06,-85.9303,-5.58532e-06,0.000221859,-3.43364e-07,1,0,0,0,0,0,0,0,0,0,0,0,0,0,0,0,0,0,0,0,0,0,0,-0,0,0,0,0,0,0.00408716,0.00193464,0.00297819,0.00352796,0.00156209,0.000362481,0.00581954,0.0204464,0.0025442,0.00723788,0.0310075,0.00264108,0.0104994,0.00910314,0.0223838,0.0496282,0.0362641,0.0434562,2.35629e-05,0,0,0,
72,-0.314159,30,-1.29478e-06,-85.9303,-5.58532e-06,0.000221859,-3.4337e-07,1,0,0,0,0,0,0,0,0,0,0,0,0,0,0,0,0,0,0,0,0,0,0,0,0,0,0,0,0,0.011354,0.00159247,0.0138611,0.00300184,0.000703422,0.00687238,0.00445158,0.0174499,0.00759666,0.00591405,0.00717765,0.0142368,0.0319851,0.00935926,0.00730049,0.0312307,0.00578604,0,0,0,0,0,
73,-0.296706,30,-1.29479e-06,-85.9303,-5.58532e-06,0.000221859,-3.43369e-07,1,0,0,0,0,0,0,0,0,0,0,0,0,0,0,0,0,0,0,0,0,0,0,0,0,0,0,0,0,0.00325096,0.000622003,0.00411072,0.000445561,0.0025152,0.00949319,0.00889476,0.0431074,0.00558402,0.000779449,0.0164028,0.0457462,0.011791,0.00474205,0.0104411,0.0105839,0.00863898,0,0,0,0,0,
74,-0.279253,30,-1.29479e-06,-85.9303,-5.58532e-06,0.000221859,-3.43374e-07,1,0,0,0,0,0,0,0,0,0,0,0,0,0,0,0,0,0,0,0,0,0,0,0,0,0,0,0,0,0,0.00309694,0.00128138,0.00151196,0.00169534,0.00432393,0.000560742,0.00332877,0.00330397,0.0464907,0.0388909,0.030182,0.0147087,0.0137002,0.0117751,0.0116212,0,0,0,0,0,0,
75,-0.261799,30,-1.29479e-06,-85.9303,-5.58532e-06,0.000221859,-3.43379e-07,1,0,0,0,0,0,0,0,0,0,0,0,0,0,0,0,0,0,0,0,0,0,0,0,0,0,0,0,0,0,0.00132207,0.0016211,0.00435003,0.00375392,0,0.00752941,0.0300198,0.0071133,0.0400864,0.0352794,0.00982388,0.00883214,0.0118229,0.00853409,0.00685597,0,0,0,0,0,0,
76,-0.244346,30,-1.29479e-06,-85.9303,-5.58532e-06,0.000221859,-3.43381e-07,1,0,0,0,0,0,0,0,0,0,0,0,0,0,0,0,0,0,0,0,0,0,0,0,0,0,0,0,0,0,0.00553254,0.000632886,0.00780032,0.014271,0.00161619,0.00517413,0.0012358,0.013225,0.0800051,0.0188939,0.0149176,0.0190363,0.00609613,0.0171857,0.0860714,0,0,0,0,0,0,
77,-0.226893,30,-1.29479e-06,-85.9303,-5.58531e-06,0.000221859,-3.43349e-07,1,0,0,0,0,0,0,0,0,0,0,0,0,0,0,0,0,0,0,0,0,0,0,0,0,0,0,0,0,0,0.00303163,0.00361961,0.00172994,0.0183841,0.000803405,0.0051376,0.00246039,0.00951813,0.056309,0.0356376,0.007476,0.0169008,0.0151085,0.00666372,0,0,0,0,0,0,0,
78,-0.20944,30,-1.29479e-06,-85.9303,-5.58531e-06,0.000221859,-3.43363e-07,1,0,0,0,0,0,0,0,0,0,0,0,0,0,0,0,0,0,0,0,0,0,0,0,0,0,0,0,0,0,0.00802658,0.000928769,0.000433276,0.000560524,0.00216997,0.00503648,0.0251476,0.0165694,0.0144995,0.0146205,0.0175008,0.0207883,0.0582087,0.00147417,0,0,0,0,0,0,0,
79,-0.191986,30,-1.29479e-06,-85.9303,-5.58531e-06,0.000221859,-3.43356e-07,1,0,0,0,0,0,0,0,0,0,0,0,0,0,0,0,0,0,0,0,0,0,0,0,0,0,0,0,0,0,0.0101604,0.00631597,0.00159834,0.0157277,0.000991343,0.00240794,0.0070386,0.0229066,0.027444,0.0159019,0.00831186,0.0208514,0.0123485,0,0,0,0,0,0,0,0,
80,-0.174533,30,-1.29479e-06,-85.9303,-5.58532e-06,0.000221859,-3.43368e-07,1,0,0,0,0,0,0,0,0,0,0,0,0,0,0,0,0,0,0,0,0,0,0,0,0,0,0,0,0,0,0.00634875,0.00282572,0.000710267,0.011722,0.0039571,0.0108244,0.00474487,0.0162907,0.0118007,0.0262125,0.00435764,0.00822658,0,0,0,0,0,0,0,0,0,
81,-0.15708,30,-1.29479e-06,-85.9303,-5.58532e-06,0.000221859,-3.43386e-07,1,0,0,0,0,0,0,0,0,0,0,0,0,0,0,0,0,0,0,0,0,0,0,0,0,0,0,0,0,0,0.00748531,0.00205383,0.00119644,0.00202428,0.00512768,0.019049,0.00222356,0.016243,0.0157405,0,0.0188615,0.0364656,0,0,0,0,0,0,0,0,0,
82,-0.139626,30,-1.29479e-06,-85.9303,-5.58532e-06,0.000221859,-3.43394e-07,1,0,0,0,0,0,0,0,0,0,0,0,0,0,0,0,0,0,0,0,0,0,0,0,0,0,0,0,0,0,0.00724989,0.00173519,0.00676451,0.00371152,0.00393566,0.0097444,0.0062915,0.0227469,0.0115349,0.0143778,0.0325302,0.00805952,0.00703548,0,0,0,0,0,0,0,0,
83,-0.122173,30,-1.29479e-06,-85.9303,-5.58532e-06,0.000221859,-3.43397e-07,1,0,0,0,0,0,0,0,0,0,0,0,0,0,0,0,0,0,0,0,0,0,0,0,0,0,0,0,0,0,0.0139889,0.00367239,0.00363114,0.000936501,0.015493,0.0183372,0.0159656,0.0142988,0.00296658,0.00863792,0.0370168,0.0546736,0.0263607,0.0558759,0.0700952,0,0,0,-0,0,0,
84,-0.10472,30,-1.29479e-06,-85.9303,-5.58533e-06,0.000221859,-3.43416e-07,1,3.47402e-06,0,0,0,0,0,0,0,0,0,0,0,0,0,0,0,0,0,0,0,0,0,0,0,0,0,0,0,0,0.00602634,0.00436,0.0123685,0.00372938,0.038416,0.00685312,0.0231901,0.0156752,0,0.025471,0.0253154,0.0550414,0.0303545,0.0418708,0.0711274,0.0601871,0,0,0,0,0,
85,-0.0872665,30,-1.29478e-06,-85.9303,-5.58533e-06,0.000221859,-3.43431e-07,1,1.96672e-06,0,0,0,0,0,0,0,0,0,0,0,0,0,0,0,0,0,0,0,0,0,0,0,0,0,0,0,0,0.00724273,0.000304521,0.00248865,0.00256933,0.00521929,0.0189923,0.0174616,0.00627688,0,0.0141684,0.0197396,0.0175153,0.0240198,0.0386256,0.0436087,0.0199128,0,0,0,0,0,
86,-0.0698132,30,-1.29478e-06,-85.9303,-5.58533e-06,0.000221859,-3.43443e-07,1,3.24994e-06,0,0,0,0,0,0,0,0,0,0,0,0,0,0,0,0,0,0,0,0,0,0,0,0,0,0,0,0,0.00227272,0.0019462,0.00167173,0.00168657,0.00848862,0.0175742,0.0245437,0,0,-0,0.00781827,0.0520994,0.0256548,0.0304003,0.0572055,0.0546418,0,0,0,0,0,
87,-0.0523599,30,-1.29479e-06,-85.9303,-5.58533e-06,0.000221859,-3.43446e-07,1,3.10484e-06,0,0,0,0,0,0,0,0,0,0,0,0,0,0,0,0,0,0,0,0,0,0,0,0,0,0,0,0,0.00536232,0.00297603,0.000508628,0.00467064,0.00835401,0.0255645,0.0205884,0.074399,0,0,0,0,0,0.0582446,0.0311242,0,0,0,0,0,0,
88,-0.0349066,30,-1.29479e-06,-85.9303,-5.58533e-06,0.000221859,-3.43451e-07,1,3.04814e-06,0,0,0,0,0,0,0,0,0,0,0,0,0,0,0,0,0,0,0,0,0,0,0,0,0,0,0,0,0.000681801,0.00011096,0.000213921,0.00148521,0.00840154,0.0315688,0.00996668,0.0329541,0,0,0,0,0,0,0,0,0,0,0,0,0,
89,-0.0174533,30,-1.29479e-06,-85.9303,-5.58533e-06,0.000221859,-3.43458e-07,1,2.65532e-06,0,0,0,0,0,0,0,0,0,0,0,0,0,0,0,0,0,0,0,0,0,0,0,0,0,0,0,0,0.00130416,0.000225415,0.000458927,0.00559051,0.00409439,0.0219276,0.0267054,0.0451153,0.0811445,0,0,0,0,0,0,0,0,0,0,0,0,
90,1.81105e-15,30,-1.29479e-06,-85.9303,-5.58532e-06,0.000221859,-3.43477e-07,1,2.57663e-06,0,0,0,0,0,0,0,0,0,0,0,0,0,0,0,0,0,0,0,0,0,0,0,0,0,0,0,0,0.00153952,0.00127538,0.00248967,0.00231213,0.0107003,0.00383158,0.0338209,0.0340486,0.0699552,0.00775064,0,0,0,0.0633205,0.0686786,0,0,0,0,0,0,
91,0.0174533,30,-1.29479e-06,-85.9303,-5.58532e-06,0.000221859,-3.43471e-07,1,2.99734e-06,0,0,0,0,0,0,0,0,0,0,0,0,0,0,0,0,0,0,0,0,0,0,0,0,0,0,0,0,0.0010938,0.00727992,0.00254495,0.00152659,0.0152533,0.0291194,0.0223184,0.0145019,0.0353073,0.0207743,0,0,0.0278124,0.0744274,0.0506824,0,0,0,0,0,0,
92,0.0349066,30,-1.2948e-06,-85.9303,-5.5853e-06,0.000221859,-3.43466e-07,1,1.72538e-07,0,0,0,0,0,0,0,0,0,0,0,0,0,0,0,0,0,0,0,0,0,0,0,0,0,0,0,0,0.00114602,0.00415966,0.0060429,0.0010957,0.00175034,0.00990605,0.00283295,0.00879293,0.0454934,0.0535067,0.0427757,0.0546822,0.0469839,0.0448933,0.0141893,0,0,0,0,0,0,
93,0.0523599,30,-1.2948e-06,-85.9303,-5.5853e-06,0.000221859,-3.43464e-07,1,2.60175e-06,0,0,0,0,0,0,0,0,0,0,0,0,0,0,0,0,0,0,0,0,0,0,0,0,0,0,0,0,0.00100763,0.00207798,0.00133823,0.00099278,0.00612581,0.0107804,0.00833095,0.0197132,0.0415921,0.0129488,0.0546625,0.061648,0.0678668,0.0282225,0.0326344,0,0,0,0,0,0,
94,0.0698132,30,-1.2948e-06,-85.9303,-5.58531e-06,0.000221859,-3.43464e-07,1,3.13347e-06,0,0,0,0,0,0,0,0,0,0,0,0,0,0,0,0,0,0,0,0,0,0,0,0,0,0,0,0,0.00224884,0.00164218,0.000241737,0.00211455,0.00449528,0.00837682,0.013873,0.00638448,0.0244301,0.0227516,0.0785787,0.0291111,0.0650029,0.0466182,0.0394903,7.312e-05,0,0,0,0,0,
95,0.0872665,30,-1.2948e-06,-85.9303,-5.58532e-06,0.000221859,-3.43463e-07,1,9.11904e-07,0,0,0,0,0,0,0,0,0,0,0,0,0,0,0,0,0,0,-0,0,0,0,0,0,0,0,0,0,0.00710812,0.00214833,0.000688458,0.00478075,0.00356051,0.00236116,0.0178946,0.0201585,0.0240267,0.0705258,0.0337597,0.0600198,0.0483243,0.0695975,0.0936755,0.0973416,0,0,0,0,0,
96,0.10472,30,-1.29479e-06,-85.9303,-5.58533e-06,0.000221859,-3.4347e-07,1,2.0449e-06,0,0,0,0,0,0,0,0,0,0,0,0,0,0,0,0,0,0,0,0,0,0,0,0,0,0,0,0,0.00684287,0.00810394,0.00149142,0.00266123,0.0101535,0.00837907,0.0236178,0.00838866,0.0149571,0.00588475,0.0490932,0.0596317,0.0519745,0.0391102,0.0442561,0.0334446,0,0,0,0,0,
97,0.122173,30,-1.29479e-06,-85.9303,-5.58534e-06,0.000221859,-3.43469e-07,1,1.50632e-06,0,0,0,0,0,0,0,0,0,0,0,0,0,0,0,0,0,0,0,0,0,0,0,0,0,0,0,0,0.000846086,0.01021,0.00127052,0.000703784,0.00638504,0.0075089,0.0035129,0.0831082,0.0689784,0.0876798,0.0499471,0.0128927,0.056567,0.0353852,0.0591944,0.0581879,0,0,0,0,0,
98,0.139626,30,-1.29479e-06,-85.9303,-5.58534e-06,0.000221859,-3.4347e-07,1,3.15215e-06,0,0,0,0,0,0,0,0,0,0,0,0,0,0,0,0,0,0,0,0,0,0,0,0,0,0,0,0,0.00209509,0.0151296,0.0044864,0.00128834,0.0260832,0.0269876,0.00163094,0.00763979,0.0134132,0.0219151,0.0552842,0.0587186,0.0643166,0.0562717,0.070201,0.0692101,0,0,0,0,0,
99,0.15708,30,-1.29479e-06,-85.9303,-5.58534e-06,0.000221859,-3.43477e-07,1,2.46343e-06,0,0,0,0,0,0,0,0,0,0,0,0,0,0,0,0,0,0,0,0,0,0,0,0,0,0,0,0,0.0057665,0.00266578,0.00280885,0.00686238,0.00394365,0.00689327,0.0168933,0.0228759,0.0325784,0.030916,0.0255736,0.0403759,0.0764072,0.0409808,0.0384168,0.0615779,0,0,0,0,0,
100,0.174533,30,-1.29479e-06,-85.9303,-5.58534e-06,0.000221859,-3.4348e-07,1,3.7251e-06,0,0,0,0,0,0,0,0,0,0,0,0,0,0,0,0,0,0,0,0,0,0,0,0,0,0,0,0,0.00170154,0.00109394,0.0109889,0.000586737,0.000626126,0.00544518,0.0111626,0.0147702,0.0249619,0.00796144,0.0397943,0.00435877,0,0,0,0,0,0,0,0,0,
101,0.191986,30,-1.29479e-06,-85.9303,-5.58533e-06,0.000221859,-3.43472e-07,1,2.20039e-06,0,0,0,0,0,0,0,0,0,0,0,0,0,0,0,0,0,0,0,0,0,0,0,0,0,0,0,0,0.000998821,0.0016566,0.0130579,0.00275381,0.00627151,0.0157252,0.0106086,0.03079,0.00664976,0.0297962,0.00427181,0,0,0,0,0,0,0,0,0,0,
102,0.20944,30,-1.29479e-06,-85.9303,-5.58534e-06,0.000221859,-3.43484e-07,1,1.29185e-06,0,0,0,0,0,0,0,0,0,0,0,0,0,0,0,0,0,0,0,0,0,0,0,0,0,0,0,0,0.00310289,0.000433172,0.000144323,0.000143481,0.0417598,0.0016382,0.000921475,0.0260646,0.0298301,0.0193925,0.00561766,0,0,0,0,0,0,0,0,0,0,
103,0.226893,30,-1.29479e-06,-85.9303,-5.58534e-06,0.000221859,-3.4352e-07,1,2.26282e-06,0,0,0,0,0,0,0,0,0,0,0,0,0,0,0,0,0,0,0,0,0,0,0,0,0,0,0,0,0.000959914,0.00130898,0.00619855,0.00227401,0.00885789,0.0101495,0.0139188,0.0202383,0.0254026,0.0134463,0,0,0,0,0,0,0,0,0,0,0,
104,0.244346,30,-1.29479e-06,-85.9303,-5.58534e-06,0.000221859,-3.43521e-07,1,3.56491e-06,0,0,0,0,0,0,0,0,0,0,0,0,0,0,0,0,0,0,0,0,0,0,0,0,0,0,0,0,0.0127683,0.00116201,0.00531647,0.00068148,0.00191208,0.0161149,0.00531523,0.00185641,0.0112804,0.0257486,0,0,0,0,0,0,0,0,0,0,0,
105,0.261799,30,-1.2948e-06,-85.9303,-5.58533e-06,0.000221859,-3.43506e-07,1,8.53525e-07,0,0,0,0,0,0,0,0,0,0,0,0,0,0,0,0,0,0,0,0,0,0,0,0,0,0,0,0,0.00389587,0.00133075,8.88893e-05,0.000251119,0.00188933,0.0039196,0.00361793,0.0135883,0.0144642,0.0051965,0.0373294,0.0315864,0.0606252,0,0,0,0,0,0,0,0,
106,0.279253,30,-1.29479e-06,-85.9303,-5.58533e-06,0.000221859,-3.43499e-07,1,2.64713e-06,0,0,0,0,0,0,0,0,0,0,0,0,0,0,0,0,0,0,0,0,0,0,0,0,0,0,0,7.50519e-05,0.000925995,0.00164133,0.000420938,0.0011326,0.000407954,0.00202401,0.000731429,0.00274755,0.0248224,0.0134707,0.00391373,0.105829,0.0695433,0.0507121,0,0,0,0,0,0,0,
107,0.296706,30,-1.29478e-06,-85.9303,-5.58533e-06,0.000221859,-3.435e-07,1,3.61524e-06,0,0,0,0,0,0,0,0,0,0,0,0,0,0,0,0,0,0,0,0,0,0,0,0,0,0,0,0.00109711,0,0.000388144,0.00668519,0.000890594,0.000396218,0.000752716,0.00232695,0.00800742,0.0144441,0.0195069,0.0492593,0.0680878,0.0777208,0.092691,0,0,0,0,0,0,0,
108,0.314159,30,-1.29478e-06,-85.9303,-5.58533e-06,0.000221859,-3.43504e-07,1,3.31743e-08,0,0,0,0,0,0,0,0,0,0,0,0,0,0,0,0,0,0,0,0,0,0,0,0,0,0,0,0.000257235,0.00376584,0.0011389,0.00103542,0.000619093,0.00101729,0.00338437,0.00750572,0.00488187,0.0288522,0.0412661,0.0274767,0.0444781,0.0339043,0.0138189,0,0,0,0,0,0,0,
109,0.331613,30,-1.29479e-06,-85.9303,-5.58533e-06,0.000221859,-3.43495e-07,1,1.94617e-06,0,0,0,0,0,0,0,0,0,0,0,0,-0,0,0,0,0,0,0,0,0,0,0,0,0,0,0,0.000301344,0.00476245,0.000888435,0.00455315,0.00457334,0.00372925,0.00479812,0.00662978,0.00402042,0.00990749,0.0330389,0.0649658,0.0580391,0.0538481,0.0381877,0,0,0,0,0,0,0,
110,0.349066,30,-1.29479e-06,-85.9303,-5.58533e-06,0.000221859,-3.4348e-07,1,1.32826e-06,0,0,0,0,0,0,0,0,0,0,0,0,0,0,0,0,0,0,0,0,0,0,0,0,0,0,0,0.00876157,0.000807643,0.00115744,0.00199978,0.000920708,0.000383407,0.00352872,0.00266462,0.01035,0.00522791,0.0114756,0.0591001,0.0336558,0.0588673,0.0329482,0.0102108,0,0,0,0,0,0,
111,0.366519,30,-1.29479e-06,-85.9303,-5.58532e-06,0.000221859,-3.43478e-07,1,3.46388e-06,0,0,0,0,0,0,0,0,0,0,0,0,0,0,0,0,0,0,0,0,0,0,0,0,0,0,0,0.00190282,0.00306342,0.000400531,0.000717183,0.00235869,0.000553603,0.00233991,0.00259959,0.00722084,0.00397395,0.0151497,0.0305431,0.0380518,0.0356467,0.0452712,0.00471127,0,0,0,0,0,0,
112,0.383972,30,-1.29479e-06,-85.9303,-5.58533e-06,0.000221859,-3.43481e-07,1,1.90111e-06,0,0,0,0,0,0,0,0,0,0,0,0,0,0,0,0,0,0,0,0,0,0,0,0,0,0,9.96898e-06,0.0156546,0.00723416,0.00315758,0.0020224,0.00210659,0.00211194,0.00158855,0.0109141,0.00604969,0.0246025,0.00439114,0.00628723,0.0476077,0.072484,0.0412982,0.0495054,0,0,0,0,0,0,
113,0.401426,30,-1.29479e-06,-85.9303,-5.58533e-06,0.000221859,-3.43477e-07,1,1.96593e-06,0,0,0,0,0,0,0,0,0,0,0,0,0,0,0,0,0,0,0,0,0,0,0,0,0,0,0.000342624,0.015751,0.000470506,0.00081506,0.000807408,0.00422731,0.00116127,0.000306502,0.0162323,0.0081089,0.0096106,0.00735951,0.0155169,0.0373814,0.0379062,0.0324639,0.0444905,0,0,0,0,0,0,
114,0.418879,30,-1.29479e-06,-85.9303,-5.58533e-06,0.000221859,-3.43462e-07,1,2.22684e-06,0,0,0,0,0,0,0,0,0,0,0,0,0,0,0,0,0,0,0,0,0,0,0,0,0,0,0.00130663,0.00904498,0.00480024,0.000543463,0.000677973,0.00222462,0.00080241,0.00233637,0.0054184,0.0052859,0.00434978,0.0121688,0.0300198,0.044495,0.0196717,0.0695907,0.0211418,0.0365382,0,0,0,0,0,
115,0.436332,30,-1.29479e-06,-85.9303,-5.58533e-06,0.000221859,-3.43469e-07,1,2.24861e-06,0,0,0,0,0,0,0,0,0,0,0,0,0,0,0,0,0,0,0,0,0,0,0,0,0,0,0.0135052,0.00952394,0.00180323,0.00113132,0.00010687,0.000612404,0.00333524,0.00261231,0.00319718,0.00447442,0.020909,0.0169679,0.0211721,0.0164641,0.0668679,0.0437491,0.00631591,0.0405563,0,0,0,0,0,
116,0.453786,30,-1.29479e-06,-85.9303,-5.58533e-06,0.000221859,-3.43476e-07,1,2.33424e-06,0,0,0,0,0,0,0,0,0,0,0,0,0,0,0,0,0,0,0,0,0,0,0,0,0,0,0.000853089,0.0164817,0.00203009,0.00056065,0.000492263,0.00186869,0.00122713,0.00194971,0.00136424,0.00963936,0.0135337,0.00498596,0.0160504,0.00619348,0.0130239,0.0787002,0.0274225,0.128282,0,0,0,0,0,
117,0.471239,30,-1.29479e-06,-85.9303,-5.58532e-06,0.000221859,-3.43461e-07,1,1.89174e-06,0,0,0,0,0,0,0,0,0,0,0,0,0,0,0,0,0,0,0,0,0,0,0,0,0,0,0.000521427,0.000429178,0.000667356,0.000353802,0.00237219,0.000162366,0.00158112,0.00262367,0.00307804,0.0056064,0.00374323,0.00820325,0.0241359,0.00836817,0.0442873,0.038823,0.0724974,0.0301222,0.132705,0,0,0,0,
118,0.488692,30,-1.29479e-06,-85.9303,-5.58533e-06,0.000221859,-3.43458e-07,1,2.16023e-06,0,0,0,0,0,0,0,0,0,0,0,0,0,0,0,0,0,0,0,0,0,0,0,0,0,0,0.00087506,0.000827826,0.000399184,0.00190568,0.00290899,0.00268389,0.00171268,0.00240554,0.0133767,0.00620713,0.00805115,0.00867405,0.0161448,0.00686839,0.0307212,0.0238838,0.0365292,0.0553106,0.061943,0,0,0,0,
119,0.506145,30,-1.29478e-06,-85.9303,-5.58533e-06,0.000221859,-3.43459e-07,1,2.15428e-06,0,0,0,0,0,0,0,0,0,0,0,0,0,0,0,0,0,0,0,0,0,0,0,0,0,0.000702629,0.00226197,0.00194973,1.85592e-05,0.00266884,0.00451405,0.001717,0.00367436,0.00620464,0.0119266,0.00443502,0.00296224,0.00675577,0.00787542,0.0109375,0.00134409,0.0216844,0.0260653,0.0355481,0.0356259,0,0,0,0,
120,0.523599,30,-1.29478e-06,-85.9303,-5.58533e-06,0.000221859,-3.4346e-07,1,2.50241e-06,0,0,0,0,0,0,0,0,0,0,0,0,0,0,0,0,0,0,0,0,0,0,0,0,0,0.000430275,0.00232047,0.000122319,0.000884875,0.000180313,0.00507625,0.0009428,0.00147644,0.00591884,0.00230275,0.00271878,0.00461859,0.00676942,0.00546826,0.0138524,0.0112099,0.00702008,0.0173016,0.0482806,0.0572508,0.0641618,0,0,0,
121,0.541052,30,-1.29479e-06,-85.9303,-5.58533e-06,0.000221859,-3.43457e-07,1,2.22008e-06,0,0,0,0,0,0,0,0,0,0,0,0,0,0,0,0,0,0,0,0,0,0,0,0,0,0.00253892,0.000280809,0.00577785,0.00248958,0.00414816,0.0123084,0.0011006,0.00408049,0.00530332,0.000862648,0.00245907,0.00371872,0.00736544,0.00410206,0.00833104,0.0379298,0,0.076852,0.0423487,0.0729786,0.0207415,0,0,0,
122,0.558505,30,-1.29479e-06,-85.9303,-5.58532e-06,0.000221859,-3.43469e-07,1,3.22488e-06,0,0,0,0,0,0,0,0,0,0,0,0,0,0,0,0,0,0,0,0,0,0,0,0,0,0.0191178,0.000288453,0.00160003,0.020488,0.001883,0.00636367,0.0102142,0.023632,0.00568582,0.000965987,0.00452345,0.00514594,0.00505525,0.0161699,0.00346406,0.00375537,0.0108588,0.0620513,0.0742969,0.0585807,0.0450592,0.0450977,0,0,
123,0.575959,30,-1.29479e-06,-85.9303,-5.58533e-06,0.000221859,-3.43481e-07,1,3.6969e-06,0,0,0,0,0,0,0,0,0,0,0,0,0,0,0,0,0,0,0,0,0,0,0,0,0,5.69723e-05,0.00520613,0.00344944,0.00602858,0.0154616,0.00494787,0.0131702,0.00361943,0.00724924,0.00204265,0.00168338,0.0110415,0.0118679,0.0128235,0.00253799,0.0092134,0.0131332,0.0209573,0,0.07427,0.0594954,0.0327336,0,0,
124,0.593412,30,-1.29479e-06,-85.9303,-5.58533e-06,0.000221859,-3.43491e-07,1,3.53117e-06,0,0,0,0,0,0,0,0,0,0,0,0,0,0,0,0,0,0,0,0,0,0,0,0,0,0,0.011732,0.00395173,0.0114735,0.0105156,0.012383,0.0331795,0.00291769,0.00805037,0.00134175,0.00563609,0.00221697,0.00855992,0.0173034,0.00162371,0.0485405,0.020124,0.00745063,0.0368416,0.0492738,0.0808795,0,0,0,
125,0.610865,30,-1.2948e-06,-85.9303,-5.58534e-06,0.000221859,-3.43517e-07,1,2.71316e-06,0,0,0,0,0,0,0,0,0,0,0,0,0,0,0,0,0,0,0,0,0,0,0,0,0,0,0.0307028,0.00512438,0.00491481,0.00403881,0.00113646,0.0118303,0.00890478,0.00299358,0.00599225,0.0334472,0.00191745,0.0108761,0.0109134,0.0102175,0.0286525,0.0271613,0.0324728,0.0366463,0,0,0,0,0,
126,0.628319,30,-1.2948e-06,-85.9303,-5.58534e-06,0.000221859,-3.43528e-07,1,1.41851e-06,0,0,0,0,0,0,0,0,0,0,0,0,0,0,0,0,0,0,0,0,0,0,0,0,0,0,0.0110424,0.0108218,0.0135104,0.00430082,0.00103816,0.0168612,0.0136597,0.00700086,0.000618199,0.00468073,0.00781694,0.0237293,0.0440899,0.00795989,0.0157701,0.0143438,0.0175978,0,0,0,0,0,0,
127,0.645772,30,-1.29479e-06,-85.9303,-5.58534e-06,0.000221859,-3.43533e-07,1,2.87154e-06,0,0,0,0,0,0,0,0,0,0,0,0,0,0,0,0,0,0,0,0,0,0,0,0,0,0,0.0400141,0.0129336,0.0172149,0.00664903,0.00138203,0.00360513,0.00098883,0.00550892,0.00471629,0.00446414,0.00689127,0.0161707,0.0156178,0.0154651,0.0141467,0.0193126,0.0283883,0.02087,0,0,0,0,0,
128,0.663225,30,-1.29479e-06,-85.9303,-5.58534e-06,0.000221859,-3.43537e-07,1,4.40348e-06,0,0,0,0,0,0,0,0,0,0,0,0,0,0,0,0,0,0,0,0,0,0,0,0,0,0,0.0183856,0.0243025,0.0306742,0.0158984,0.00897645,0.0065645,0.0120256,0.00964885,0.00630193,0.00192436,0.00581526,0.01189,0.0112487,0.00572802,0.038768,0.0347727,0.0320607,0.0219091,0.0554015,0,0,0,0,
129,0.680678,30,-1.29479e-06,-85.9303,-5.58534e-06,0.000221859,-3.43556e-07,1,2.73506e-06,0,0,0,0,0,0,0,0,0,0,0,0,0,0,0,0,0,0,0,0,0,0,0,0,0,0,0,0.0437846,0.0140042,0.0056244,0.0050368,0.00156312,0.0206369,0.00439828,0.00265916,0.0243052,0.0161786,0.0120472,0.00662432,0.0198369,0.0226902,0.0344705,0.0458107,0.0577455,0.0726834,0,0,0,0,
130,0.698132,30,-1.29479e-06,-85.9303,-5.58533e-06,0.000221859,-3.43534e-07,1,3.3871e-06,0,0,0,0,0,0,0,0,0,0,0,0,0,0,0,0,0,0,0,0,0,0,0,0,0,0,0,0.0180188,0.0167854,0.0130086,0.00177347,0.00554091,0.0127038,0.00205328,0.00972074,0.0241061,0.00155158,0.0395032,0.0421784,0.00548669,0.0355051,0.045036,0.0451196,0.0913616,0.0197385,0,0,0,0,
131,0.715585,30,-1.29479e-06,-85.9303,-5.58533e-06,0.000221859,-3.43511e-07,1,4.35168e-06,0,0,0,0,0,0,-0,0,0,0,0,0,0,0,0,0,0,0,0,0,0,0,0,0,0,0,0,0,0.00431473,0.00508598,0.00556523,0.000840307,0.00884153,0.0179552,0.0144657,0.0149568,0.00405798,0.0309911,0,0,0.0474502,0.0776111,0.0541185,0.0390362,0,0,0,0,0,
132,0.733038,30,-1.29478e-06,-85.9303,-5.58532e-06,0.000221859,-3.43494e-07,1,3.22885e-06,0,0,0,0,0,0,0,0,0,0,0,0,0,0,0,0,0,0,0,0,0,0,0,0,0,0,0,0,0,0.00061978,0.00240162,0.00316933,0.00663408,0.00456198,0.0137874,0.039388,0.0213719,0,0,0,0.0416022,0.0228923,0.0589462,0,0,0,0,0,0,
133,0.750492,30,-1.29479e-06,-85.9303,-5.58532e-06,0.000221859,-3.43488e-07,1,1.72353e-06,0,0,0,0,0,0,0,0,0,0,0,0,0,0,0,0,0,0,0,0,0,0,0,0,0,0,0,0,0,0.00919012,0.00283994,0.00453852,0.00556674,0.00997932,0.010643,0.0155089,0.0982919,0,0,0,0,0.0237104,0,0,0,0,0,0,0,
134,0.767945,30,-1.29479e-06,-85.9303,-5.58532e-06,0.000221859,-3.4348e-07,1,4.18638e-06,0,0,0,0,0,0,0,0,0,0,0,0,0,0,0,0,0,0,0,0,0,0,-0,0,0,0,0,0,0,0.00253737,0.00400559,0.00240847,0.0125748,0.00889908,0.0199649,0.0420693,0,0,0,0,0,0,0,0,0,0,0,0,0,
135,0.785398,30,-1.29478e-06,-85.9303,-5.58533e-06,0.000221859,-3.43483e-07,1,1.82786e-06,0,0,0,0,0,0,0,0,0,0,0,0,0,0,0,0,0,0,0,0,0,0,0,0,0,0,0,0,0.0108489,0.0315006,0.00823474,0.00498609,0.0069645,0.0179278,0.0592306,0,0,0,0,0,0,0,0,0,0,0,0,0,0,
136,0.802851,30,-1.29479e-06,-85.9303,-5.58533e-06,0.000221859,-3.4348e-07,1,3.38528e-06,0,0,0,0,0,0,0,0,0,0,0,0,0,0,0,0,0,0,0,0,0,0,0,0,0,0,0,0,0.00152696,0.0109557,0.0114415,0.00222463,0.00491383,0.0133103,0.0697821,0,0,0,0,0,0,0,0,0,0,0,0,0,0,
137,0.820305,30,-1.29479e-06,-85.9303,-5.58533e-06,0.000221859,-3.43475e-07,1,2.04301e-06,0,0,0,0,0,0,0,0,0,0,0,0,0,0,0,0,0,0,0,0,0,0,0,0,0,0,0,0,0.00616956,0.00402027,0.00445387,0.00350337,0.0176427,0.0432656,0.0616625,0,0,0,0,0,0,0,0,0,0,0,0,0,0,
138,0.837758,30,-1.29479e-06,-85.9303,-5.58533e-06,0.000221859,-3.43468e-07,1,3.89003e-06,0,0,0,0,0,0,0,0,0,0,0,0,0,0,0,0,0,0,0,0,0,0,0,0,0,0,0,0,0.0020629,0.00305308,0.00232792,0.0087097,0.0414868,0.0248499,0.0260279,0,0,0,0,0,0,0,0,0,0,0,0,0,0,
139,0.855211,30,-1.29479e-06,-85.9303,-5.58531e-06,0.000221859,-3.43444e-07,1,1.98977e-06,0,0,0,0,0,0,0,0,0,0,0,0,0,0,0,0,0,0,0,0,0,0,0,0,0,0,0,0,0.00599617,0.0084922,0.00188988,0.00670721,0.0045185,0.0232331,0.0337389,0.0201749,0,0,0,0,0,0,0,0,0,0,0,0,0,
140,0.872665,30,-1.2948e-06,-85.9303,-5.58531e-06,0.000221859,-3.43443e-07,1,3.80394e-06,0,0,0,0,0,0,0,0,0,0,0,0,0,0,0,0,0,0,0,0,0,0,0,0,0,0,0,0.0087527,0.00172667,0.0108971,0.0166462,0.00182233,0.0138966,0.0419179,0.0769206,0.0634908,0.112846,0,0,0,0,0,0,0,0,0,0,0,0,
141,0.890118,30,-1.2948e-06,-85.9303,-5.58532e-06,0.000221859,-3.43445e-07,1,2.45289e-06,0,0,0,0,0,0,0,0,0,0,0,0,0,0,0,0,0,0,0,0,0,0,0,0,0,0,0,0.0306357,0.00324424,0.00370539,0.00595604,0.00437188,0.0145483,0.0271285,0.0447967,0.0398772,0.0287616,0,0,0,0,0,0,0,0,0,0,0,0,
142,0.907571,30,-1.2948e-06,-85.9303,-5.58532e-06,0.000221859,-3.43438e-07,1,2.25683e-06,0,0,0,0,-0,0,0,0,0,0,0,0,0,0,0,0,0,0,0,0,0,0,0,0,0,0,0,0.00525974,0.00390331,0.00852342,0.00185294,0.00165504,0.0144584,0.00378934,0.0958884,0.0469771,0.11476,0,0,0,0,0,0,0,0,0,0,0,0,
143,0.925025,30,-1.2948e-06,-85.9303,-5.58532e-06,0.000221859,-3.43437e-07,1,3.14927e-06,0,0,0,0,0,0,0,0,0,0,0,0,0,0,0,0,0,0,0,0,0,0,0,0,0,0,0,0.00666249,0.0187701,0.00893357,0.0012573,0.00805261,0.0130517,0.0149555,0.0514505,0.0301582,0,0,0,0,0,0,0,0,0,0,0,0,0,
144,0.942478,30,-1.29479e-06,-85.9303,-5.58533e-06,0.000221859,-3.43435e-07,1,2.71775e-06,0,0,0,0,0,0,0,0,0,0,0,0,0,0,0,0,0,0,0,0,0,0,0,0,0,0,0,0.000245669,0.0159787,0.00284311,0.00470114,0.0141214,0.0310244,0.0567078,0.0479703,0.0618084,0,0,0,0,0,0,0,0,0,0,0,0,0,
145,0.959931,30,-1.29479e-06,-85.9303,-5.58533e-06,0.000221859,-3.43439e-07,1,2.14585e-06,0,0,0,0,0,0,0,0,0,0,0,0,0,0,0,0,0,0,0,0,0,0,0,0,0,0,0,0.00354541,0.00191397,0.00094075,0.00411327,0.011334,0.0220449,0.0243928,0.0421415,0,0,0,0,0,0,0,0,0,0,0,0,0,0,
146,0.977384,30,-1.29478e-06,-85.9303,-5.58534e-06,0.000221859,-3.43456e-07,1,2.61341e-06,0,0,0,0,0,0,0,0,0,0,0,0,0,0,0,0,0,0,0,0,0,0,0,0,0,0,0.00033747,0.000680646,0.00165428,0.00432572,0.0252303,0.0213293,0.0253374,0.023995,0.0168051,0,0,0,0,0,0,0,0,0,0,0,0,0,0,
147,0.994838,30,-1.29478e-06,-85.9303,-5.58534e-06,0.000221859,-3.43464e-07,1,1.06945e-06,0,0,0,0,0,0,0,0,0,0,0,0,0,0,0,0,0,0,0,0,0,0,0,0,0,0,0.00468423,0.00171278,0.00052708,0.000466832,0.00764246,0.0189555,0.0204998,0.00944432,0,0,0,0,0,0,0,0,0,0,0,0,-0,0,0,
148,1.01229,30,-1.29478e-06,-85.9303,-5.58534e-06,0.000221859,-3.43465e-07,1,2.72429e-06,0,0,0,0,0,0,0,0,0,0,0,0,0,0,0,0,0,0,0,0,0,0,0,0,0,0,0.00383116,0.00225607,0.022814,0.00183236,0.0125775,0.0337202,0.0518135,0.0498814,0,0,0,0,0,0,0,0,0,0,0,0,0,0,0,
149,1.02974,30,-1.29478e-06,-85.9303,-5.58534e-06,0.000221859,-3.4348e-07,1,2.61544e-06,0,0,0,0,0,0,0,0,0,0,0,0,0,0,0,0,0,0,0,0,0,0,0,0,0,0,0.000383682,0.00698124,0.0461282,0.00212452,0.00425612,0.017644,0.0430867,0,0,0,0,0,0,0,0,0,0,0,0,0,0,0,0,
150,1.0472,30,-1.29479e-06,-85.9303,-5.58534e-06,0.000221859,-3.43506e-07,1,1.39323e-06,0,0,0,0,0,0,0,0,0,0,0,0,0,0,0,0,0,0,0,0,0,0,0,0,0,0,0.00501654,0.00276867,0.00402892,0.00112124,0.00451561,0.021353,0.083425,0,0,0,0,0,0,0,0,0,0,0,0,0,0,0,0,
151,1.06465,30,-1.29478e-06,-85.9303,-5.58534e-06,0.000221859,-3.43524e-07,1,2.4769e-06,0,0,0,0,0,0,0,0,0,0,0,0,0,0,0,0,0,0,0,0,0,0,0,0,0,0,0.000717908,0.000965147,0.00110757,0.000960361,0.00278263,0.0170976,0.0296593,0,0,0,0,0,0,0,0,0,0,0,0,0,0,0,0,
152,1.0821,30,-1.29479e-06,-85.9303,-5.58534e-06,0.000221859,-3.43526e-07,1,2.53609e-06,0,0,0,0,0,0,0,0,0,0,0,0,0,0,0,0,0,0,0,0,0,0,0,0,0,0,0.00358033,0.00388514,0.000787832,0.00265074,0.0252815,0.0160348,0.0249411,0.00711621,0,0,0,0,0,0,0,0,0,0,0,0,0,0,0,
153,1.09956,30,-1.29478e-06,-85.9303,-5.58534e-06,0.000221859,-3.43523e-07,1,1.87507e-06,0,0,0,0,0,0,0,0,0,0,0,0,0,0,0,0,0,0,0,0,0,0,0,0,0,0,0.00178504,0.00029032,0.00101551,0.000949424,0.00744776,0.0105943,0.0556251,0.0124524,0.0177757,0,0,0,0,0,0,0,0,0,0,0,0,0,0,
154,1.11701,30,-1.29479e-06,-85.9303,-5.58534e-06,0.000221859,-3.43504e-07,1,1.46845e-07,0,0,0,0,0,0,0,0,0,0,0,0,0,0,0,0,0,0,0,0,0,0,0,0,0,0,9.27864e-05,0.000426655,0.0093487,0.000363024,0.0133867,0.0159432,0,0.0513553,0.0388451,0.0556136,0,0,0,0,0,0,0,0,0,0,0,0,0,
155,1.13446,30,-1.29479e-06,-85.9303,-5.58533e-06,0.000221859,-3.43495e-07,1,2.96494e-06,0,0,0,0,0,0,0,0,0,0,0,0,0,0,0,0,0,0,0,0,0,0,0,0,0,0,0.0014722,0.00750907,0.0144276,0.000122843,0.017721,0.0125016,0.0146685,0.0383187,0.0844592,0.0590696,0,0,0,0,0,0,0,0,0,0,0,0,0,
156,1.15192,30,-1.29478e-06,-85.9303,-5.58533e-06,0.000221859,-3.435e-07,1,3.07937e-06,0,0,0,0,0,0,0,0,0,0,0,0,0,0,0,0,0,0,0,0,0,0,0,0,0,0,0.00153881,0.00207776,0.00493641,0.00020118,5.62467e-05,0.0058806,0.0371642,0.0544363,0.0727139,0.0250884,0,0,0,0,0,0,0,0,0,0,0,0,0,
157,1.16937,30,-1.29478e-06,-85.9303,-5.58532e-06,0.000221859,-3.43502e-07,1,3.88459e-06,0,0,0,0,0,0,0,0,0,0,0,0,0,0,0,0,0,0,0,0,0,0,0,0,0,0,0.00172729,0.00024983,0.000479401,0.00711134,0.00173055,0.0131037,0.0318272,0.0481344,0.0742821,0,0,0,0,0,0,0,0,0,0,0,0,0,0,
158,1.18682,30,-1.29478e-06,-85.9303,-5.58532e-06,0.000221859,-3.43497e-07,1,2.33516e-06,0,0,0,0,0,0,0,0,0,0,0,0,0,0,0,0,0,0,0,0,0,0,0,0,0,0,0.00102864,0.000410901,0.00389005,0.0117887,0.00359431,0.0174259,0.0343066,0.0105046,0.0332095,0,0,0,0,0,0,0,0,0,0,0,0,0,0,
159,1.20428,30,-1.29478e-06,-85.9303,-5.58533e-06,0.000221859,-3.435e-07,1,1.77726e-06,0,0,0,0,0,0,0,0,0,0,0,0,0,0,0,0,0,0,0,0,0,0,0,0,0,0,0.00149396,0.00967055,0.00215654,0.0036531,0.00733817,0.0114786,0.0161623,0.0159838,0.0357087,0,0,0,0,0,0,0,0,0,0,0,0,0,0,
160,1.22173,30,-1.29478e-06,-85.9303,-5.58533e-06,0.000221859,-3.43486e-07,1,6.99959e-07,0,0,0,0,0,0,0,0,0,0,0,0,0,0,0,0,0,0,-0,0,0,0,0,0,0,5.65183e-05,0.00301248,0.00197379,0.00625481,0.00413465,0.000370311,0.00566254,0.0276999,0.00641106,0.0802817,0,0,0,0,0,0,0,0,0,0,0,0,0,0,
161,1.23918,30,-1.29477e-06,-85.9303,-5.58533e-06,0.000221859,-3.43474e-07,1,2.33663e-06,0,0,0,0,0,0,0,0,0,0,0,0,0,0,0,0,0,0,0,0,0,0,0,0,0,0.00725319,0.00141864,0.00657581,0.0227323,0.00776071,0.0155525,0.0293899,0.0219284,0.0323083,0,0,0,0,0,0,0,0,0,0,0,0,0,0,0,
162,1.25664,30,-1.29477e-06,-85.9303,-5.58533e-06,0.000221859,-3.43471e-07,1,1.31872e-06,0,0,0,0,0,0,0,0,0,0,0,0,0,0,0,0,0,0,0,0,0,0,0,0,0,0.0136899,0.00575244,0.00128547,0.00342527,0.011416,0.0214556,0.0241975,0.0526775,0.0320121,0,0,0,0,0,0,0,0,0,0,0,0,0,0.00156591,0,
163,1.27409,30,-1.29477e-06,-85.9303,-5.58533e-06,0.000221859,-3.43471e-07,1,3.14608e-06,0,0,0,0,0,0,0,0,0,0,0,0,0,0,0,0,0,0,0,0,0,0,0,0,0,0,0.00139707,0.00266631,0.00966475,0.0101315,0.00987832,0.0245138,0.0184863,0.0682331,0,0,0,0,0.0138522,0,0,0,0,0,0,0,0.0271868,0.0167817,0,
164,1.29154,30,-1.29477e-06,-85.9303,-5.58533e-06,0.000221859,-3.43477e-07,1,3.60911e-06,0,0,0,0,0,0,0,0,0,0,0,0,0,0,0,0,0,0,0,0,0,0,0,0,0,0,0.00729254,0.00503696,0.0104985,0.0170916,0.015476,0.0143615,0.0179232,0.0652002,0,0,0.0134485,0.0308495,0.0739638,0.0572291,0,0,0,0,0,0,0.0102395,0.00436496,0,
165,1.309,30,-1.29477e-06,-85.9303,-5.58533e-06,0.000221859,-3.4349e-07,1,3.1e-06,0,0,0,0,0,0,0,0,0,0,0,0,0,0,0,0,0,0,0,0,0,0,0,0,0,0,0.00551161,0.0115291,0.0067868,0.0384024,0,0.0364155,0.0285344,0.016803,0,0.0281266,0.0236714,0.05076,0.0620866,0.037592,0,0,0,0,0,0,0.00939305,0.00574815,0,
166,1.32645,30,-1.29477e-06,-85.9303,-5.58533e-06,0.000221859,-3.43488e-07,1,1.41739e-06,0,0,0,0,0,0,0,0,0,0,0,0,0,0,0,0,0,0,0,0,0,0,0,0,0,0,0.00139201,0.00208862,0.0238392,0.0242509,0,0,0,0,0,0.0341762,0.0307238,0.0165149,0.0393971,0.0682902,0,0,0,0,0,0,0.00985263,0.00559123,0,
167,1.3439,30,-1.29477e-06,-85.9303,-5.58534e-06,0.000221859,-3.43496e-07,1,1.01523e-06,0,0,0,0,0,0,0,0,0,0,0,0,0,0,0,0,0,0,0,0,0,0,0,0,0,0,0,0.00330032,0.0102639,0.0281124,0,0,0,0,0.05864,0.0105182,0.0202569,0.0156353,0.0266186,0.0629389,0.0764408,0,0,0,0,0,0.00292559,0.00375044,0,
168,1.36136,30,-1.29477e-06,-85.9303,-5.58534e-06,0.000221859,-3.43504e-07,1,1.15416e-06,0,0,0,0,0,0,0,0,0,0,0,0,0,0,0,0,0,0,0,0,0,0,0,0,0,0,0,0.00401808,0.00696289,0.00277282,0,0,0,0,0.0177494,0.013732,0.0223147,0.0232049,0.0207469,0.0634118,0.0468108,0,0,0,0,0,0.00102189,0.00392221,0,
169,1.37881,30,-1.29477e-06,-85.9303,-5.58534e-06,0.000221859,-3.43507e-07,1,7.49302e-07,0,0,0,0,0,0,0,0,0,0,0,0,0,0,0,0,0,0,0,0,0,0,0,0,0,0,0,0,0.0237966,0.0302455,0,0,0,0,0.00268496,0.00961013,0.00592028,0.00799319,0.0129115,0.0460029,0.0427723,0,0,0,0,0,0.0084194,0.00679056,0,
170,1.39626,30,-1.29477e-06,-85.9303,-5.58533e-06,0.000221859,-3.43489e-07,1,3.42345e-06,0,0,0,0,0,0,0,0,0,0,0,0,0,0,0,0,0,0,0,0,0,0,0,0,0,0,0,0,0.00113548,0.0128555,0,0,0,0.0443059,0.00755028,0.0170922,0.00404435,0.00758608,0.0125265,0.0496373,0.0270713,0,0,0,0,0,0,0.0115586,0,
171,1.41372,30,-1.29477e-06,-85.9303,-5.58532e-06,0.000221859,-3.4349e-07,1,4.31145e-06,0,0,0,0,0,0,0,0,0,0,0,0,0,0,0,0,0,0,0,0,0,0,0,0,0,0,0,0,0.000229046,0.0425254,0,0,0,0.0415765,0.0186887,0.0102789,0.0118431,0.0166017,0.0189691,0.0457654,0.0491319,0,0,0,0,0,0,0.00254156,0,
172,1.43117,30,-1.29478e-06,-85.9303,-5.58531e-06,0.000221859,-3.43472e-07,1,3.72152e-06,0,0,0,0,0,0,0,0,0,0,0,0,0,0,0,0,0,0,0,0,0,0,0,0,0,0,0,0,0,0.0302666,0,0,0,0.00803927,0.0207605,0.0145435,0.00809162,0.0133763,0.0268122,0.0427421,0.0223917,0,0,0,0,0,0,0,0,
173,1.44862,30,-1.29479e-06,-85.9303,-5.5853e-06,0.000221859,-3.43469e-07,1,0,0,0,0,0,0,0,0,0,0,0,0,0,0,0,0,0,0,0,0,0,0,0,0,0,0,0,0,0,0,0.00880434,0,0,0.0289341,0.0310985,0.0538928,0.0206565,0.00713048,0.0163331,0.0220355,0.0489514,0.0224237,0,0,0,0,0,0,0,0,
174,1.46608,30,-1.29478e-06,-85.9303,-5.58531e-06,0.000221859,-3.43482e-07,1,2.96993e-06,0,0,0,0,0,0,0,0,0,0,0,0,0,0,0,0,0,0,0,0,0,0,0,0,0,0,0,0,0.111245,0.0123708,0,0.0712419,0.021863,0.0559223,0.0470318,0.0166199,0.0119296,0.030957,0.0241659,0.0761248,0,0,0,0,0,0,0,0,0,
175,1.48353,30,-1.29478e-06,-85.9303,-5.58532e-06,0.000221859,-3.43482e-07,1,9.88654e-07,0,0,0,0,0,0,0,0,0,0,0,0,0,0,0,0,0,0,0,0,0,0,0,0,0,0,0,0,0.0270801,0.00316657,0,0.0112993,0.0349699,0,0,0.0364509,0.0146472,0.0269747,0.0296701,0.0571281,0,0,0,0,0,0,0,0.00119224,0,
176,1.50098,30,-1.29478e-06,-85.9303,-5.58533e-06,0.000221859,-3.43474e-07,1,5.11928e-06,0,0,0,0,0,0,0,0,0,0,0,0,0,0,0,0,0,0,0,0,0,0,0,0,0,0,0,0,0.0101073,0.0508012,0.0473086,0.0226979,0.0219104,0,0,0,0.0137288,0.00345312,0.0433492,0.0638533,0,0,0,0,0,0,0.00241215,0.00147827,0,
177,1.51844,30,-1.29477e-06,-85.9303,-5.58533e-06,0.000221859,-3.43467e-07,1,3.97007e-06,0,0,0,0,0,0,0,0,0,0,0,0,0,0,0,0,0,0,0,0,0,0,0,0,0,0,0,-0,0.00111942,0.0294362,0.036154,0.0346288,0.0539813,0,0,0,0,0.0137065,0.0351943,0.0398455,0.0601213,0,0,0,0,0,0.0048488,0.00264514,0,
178,1.53589,30,-1.29478e-06,-85.9303,-5.58532e-06,0.000221859,-3.43456e-07,1,1.20242e-06,0,0,0,0,0,0,0,0,0,0,0,0,0,0,0,0,0,0,0,0,0,0,0,0,0,0,0,0,0.00763357,0.0100415,0.0412712,0.0364323,0.0122503,0,0,0,0,0,0.0325424,0.0709479,0.0403234,0,0,0,0,0.0247398,0.0214585,0.00443607,0,
179,1.55334,30,-1.29478e-06,-85.9303,-5.58532e-06,0.000221859,-3.43438e-07,1,1.84667e-06,0,0,0,0,0,0,0,0,0,0,0,0,0,0,0,0,0,0,0,0,0,0,0,0,0,0,0,0,0.00128237,0.00634368,0.0186399,0.0416184,0.0662917,0,0,0,0,0,0,0.0247951,0.0611584,0,0,0,0.0168187,0.0111016,0.00709589,0.000878559,0,
180,1.53589,30,-1.29479e-06,-85.9303,-5.58531e-06,0.000221859,-3.43397e-07,1,1.73352e-06,0,0,0,0,0,0,0,0,0,0,0,0,0,0,0,0,0,0,0,0,0,0,-0,0,0,0,0,0,0.0116477,0.003609,0.0176617,0.0655237,0.0280714,0,0,0,0,0,0.0198505,0.0244604,0.0365916,0,0,0,0,0.0215193,0.0142084,0.00743471,0,
181,1.51844,30,-1.29479e-06,-85.9303,-5.58531e-06,0.000221859,-3.43399e-07,1,3.15178e-06,0,0,0,0,0,0,0,0,0,0,0,0,0,0,0,0,0,0,0,0,0,0,0,0,0,0,0,0,0.0115144,0.0348671,0.0318586,0.0509904,0.0323936,0,0,0,0,0.0130962,0.0354102,0.0640971,0.072446,0,0,0,0,0,0.00628389,0.00200484,0,
182,1.50098,30,-1.29479e-06,-85.9303,-5.58532e-06,0.000221859,-3.43397e-07,1,3.03533e-06,0,0,0,0,0,0,0,0,0,0,0,0,0,0,0,0,0,0,0,0,0,0,0,0,0,0,0,0,0.0205673,0.0669695,0.0246552,0.021128,0.0168255,0,0,0,0.00780738,0.0587001,0.0277558,0.0620993,0,0,0,0,0,0,0.00380344,0.00228107,0,
183,1.48353,30,-1.29479e-06,-85.9303,-5.58532e-06,0.000221859,-3.43396e-07,1,2.90912e-06,0,0,0,0,0,0,0,0,0,0,0,0,0,0,0,0,0,0,0,0,0,0,0,0,0,0,0,0,0.0240466,0.00227266,0,0.00916161,0.0386727,0,0,0.0207383,0.0147674,0.0132491,0.0364673,0.0418444,0,0,0,0,0,0,0,0.000718933,0,
184,1.46608,30,-1.29478e-06,-85.9303,-5.58533e-06,0.000221859,-3.43431e-07,1,2.12964e-06,0,0,0,0,0,0,0,0,0,0,0,0,0,0,0,0,0,0,0,0,0,0,0,0,0,0,0,0,0.0779015,0.0207258,0,0.0896275,0.0391585,0.03249,0.0627507,0.0198724,0.0118429,0.0158543,0.0375782,0.0440911,0,0,0,0,0,0,0,0,0,
185,1.44862,30,-1.29478e-06,-85.9303,-5.58534e-06,0.000221859,-3.43434e-07,1,1.0338e-06,0,0,0,0,0,0,0,0,0,0,0,0,0,0,0,0,0,0,0,0,0,0,0,0,0,0,0,0,0,0.0103124,0,0,0.0563581,0.0455872,0.052897,0.0202608,0.0034555,0.0284681,0.0177096,0.0106009,0.0479649,0,0,0,0,0,0,0,0,
186,1.43117,30,-1.29478e-06,-85.9303,-5.58533e-06,0.000221859,-3.43434e-07,1,2.19588e-06,0,0,0,0,0,0,0,0,0,0,0,0,0,0,0,0,0,0,0,0,0,0,0,0,0,0,0,0,0,0.0189027,0,0,0,0.0122193,0.0243322,0.0368116,0.00961208,0.00556343,0.0267097,0.0453132,0.0726571,0,0,0,0,0,0,0,0,
187,1.41372,30,-1.29478e-06,-85.9303,-5.58533e-06,0.000221859,-3.43432e-07,1,3.75431e-06,0,0,0,0,0,0,0,0,0,0,0,0,0,0,0,0,0,0,0,0,0,0,0,0,0,0,0,0,0.00136058,0.0324101,0,0,0,0.0528466,0.0160583,0.00942105,0.00677242,0.013865,0.0131932,0.02983,0.0658334,0,0,0,0,0,0,0.00255377,0,
188,1.39626,30,-1.29478e-06,-85.9303,-5.58534e-06,0.000221859,-3.43436e-07,1,4.84243e-06,0,0,0,0,0,0,0,0,0,0,0,0,0,0,0,0,0,0,0,0,0,0,0,0,0,0,0,0,0.000718852,0.00851356,0,0,0,0.0383689,0.00392362,0.0153195,0.00169546,0.0158088,0.0108191,0.0629449,0.0636493,0,0,0,0,0,0,0.00968764,0,
189,1.37881,30,-1.29478e-06,-85.9303,-5.58533e-06,0.000221859,-3.43438e-07,1,3.12841e-06,0,0,0,0,0,0,0,0,0,0,0,0,0,0,0,0,0,0,0,0,0,0,0,0,0,0,0,0,0.0107146,0.0204567,0,0,0,0,0.00300892,0.0105015,0.00575669,0.00463929,0.0243755,0.0518,0.0912516,0,0,0,0,0,0.0205266,0.00631017,0,
190,1.36136,30,-1.29478e-06,-85.9303,-5.58533e-06,0.000221859,-3.43438e-07,1,1.15769e-06,0,0,0,0,0,0,0,0,0,0,0,0,0,0,0,0,0,0,0,0,0,0,0,0,0,0,0,0.00155276,0.00798437,0.00672637,0,0,0,0,0.0231509,0.0242845,0.0333005,0.0234042,0.0149741,0.0638148,0.0522927,0,0,0,0,0,0.000591483,0.00662468,0,
191,1.3439,30,-1.29478e-06,-85.9303,-5.58533e-06,0.000221859,-3.43434e-07,1,2.44358e-06,0,0,0,0,0,0,0,0,0,0,0,0,0,0,0,0,0,0,0,0,0,0,0,0,0,0,0,0.00362168,0.00700459,0.025433,0,0,0,0,0.0535236,0.0371688,0,0.0155313,0.0443221,0.0249912,0.0516855,0,0,0,0,0,0.00303143,0.00609299,0,
192,1.32645,30,-1.29478e-06,-85.9303,-5.58533e-06,0.000221859,-3.43426e-07,1,2.34103e-06,0,0,0,0,0,0,-0,0,0,0,0,0,0,0,0,0,0,0,0,0,0,0,0,0,0,0,0.00207263,0.00383473,0.0200995,0.0337698,0,0,0,0,0,0.0381254,0.0377297,0.0152246,0.0372995,0.0853079,0,0,0,0,0,0,0.0110708,0.00489916,0,
193,1.309,30,-1.29478e-06,-85.9303,-5.58533e-06,0.000221859,-3.43432e-07,1,2.45138e-06,0,0,0,-0,0,0,0,0,0,0,0,0,0,0,0,0,0,0,0,0,0,0,0,0,0,0,0.00986281,0.0087102,0.0160306,0.0220558,0,0.0202491,0.0230039,0.0321415,0,0.0345252,0.0244739,0.0504274,0.033145,0.0743009,0,0,0,0,0,0,0.0100185,0.00347315,0,
194,1.29154,30,-1.29479e-06,-85.9303,-5.58531e-06,0.000221859,-3.43414e-07,1,3.6096e-06,0,0,0,0,0,0,0,0,0,0,0,0,0,0,0,0,0,0,0,0,0,0,0,0,0,0,0.0121082,0.00728012,0.0170624,0.0106648,0.02067,0.0126392,0.0120945,0.0423135,0,0,0.0215681,0.0115278,0.0437422,0.038501,0,0,0,0,0,0,0.0117909,0.00972352,0,
195,1.27409,30,-1.29479e-06,-85.9303,-5.5853e-06,0.000221859,-3.43417e-07,1,1.94172e-06,0,0,0,0,0,0,0,0,0,0,0,0,0,0,0,0,0,0,0,0,0,0,0,0,0,0,0.00113063,0.00244391,0.0158572,0.0160813,0.0259781,0.0321334,0.0248494,0.0391183,0,0,0,0,0.0134459,0,0,0,0,0,0,0,0.0119369,0.0187083,0,
196,1.25664,30,-1.29479e-06,-85.9303,-5.58531e-06,0.000221859,-3.43427e-07,1,2.15076e-06,0,0,0,0,0,0,0,0,0,0,0,0,0,0,0,0,0,0,0,0,0,0,0,0,0,0.00509132,0.0159985,0.00246045,0.0113475,0.0257235,0.0247666,0.0214029,0.0434707,0.0621815,0,0,0,0,0,0,0,0,0,0,0,0,0,0.00289145,0,
197,1.23918,30,-1.29478e-06,-85.9303,-5.58532e-06,0.000221859,-3.43438e-07,1,1.13921e-06,0,0,0,0,0,0,0,0,0,0,0,0,0,0,0,0,0,0,0,0,0,0,0,0,0,0.00443784,0.00126102,0.00748491,0.0139437,0.0118261,0.0351642,0.0273318,0.0196444,0.0521174,0,0,0,0,0,0,0,0,0,0,0,0,0,0,0,
198,1.22173,30,-1.29478e-06,-85.9303,-5.58533e-06,0.000221859,-3.43437e-07,1,3.71133e-06,0,0,0,0,0,0,0,0,0,0,0,0,0,0,0,0,0,0,0,0,0,0,0,0,0,8.54138e-05,0.0050752,0.00234543,0.0068454,0.0050994,0.00184306,0.00946818,0.0259524,0.0125981,0.0503504,0,0,0,0,0,0,0,0,0,0,0,0,0,0,
199,1.20428,30,-1.29478e-06,-85.9303,-5.58533e-06,0.000221859,-3.43443e-07,1,1.85552e-06,0,0,0,0,0,0,0,0,0,0,0,0,0,0,0,0,0,0,0,0,0,0,0,0,0,0,0.000789694,0.00697452,0.00305424,0,0.00396629,0.0144794,0.00629026,0.0261782,0.0398582,0,0,0,0,0,0,0,0,0,0,0,0,0,0,
200,1.18682,30,-1.29477e-06,-85.9303,-5.58538e-06,0.000221859,-3.43516e-07,1,2.54673e-06,0,0,0,0,0,0,0,0,0,0,0,0,0,0,0,0,0,0,0,0,0,0,0,0,0,0,0.00104339,0.000909809,0.00356556,0.0098851,0.00405529,0.0193003,0.0595874,0.0287402,0.039161,0,0,0,0,0,0,0,0,0,0,0,0,0,0,
201,1.16937,30,-1.29476e-06,-85.9303,-5.58539e-06,0.000221859,-3.43538e-07,1,2.18681e-06,0,0,0,0,0,0,0,0,0,0,0,0,0,0,0,0,0,0,0,0,0,0,0,0,0,0,0.000712921,0.000263393,0.00124404,0.00582182,0.00254169,0.016702,0.0279005,0.0436233,0.0676637,0,0,0,0,0,0,0,0,0,0,0,0,0,0,
202,1.15192,30,-1.29476e-06,-85.9303,-5.58539e-06,0.000221859,-3.43548e-07,1,2.6746e-06,0,0,0,0,0,0,0,0,0,0,0,0,0,0,0,0,0,0,0,0,0,0,0,0,0,0,0.00331193,0.00132502,0.00162982,0.00397777,1.79817e-05,0.00584487,0.0370406,0.0344919,0.060037,0.0701343,0,0,0,0,0,0,0,0,0,0,0,0,0,
203,1.13446,30,-1.29476e-06,-85.9303,-5.58539e-06,0.000221859,-3.43581e-07,1,1.67258e-06,0,0,0,0,0,0,0,0,0,0,0,0,0,0,0,0,0,0,0,0,0,0,0,0,0,0,0.00543837,0.00695317,0.0166319,0.000205893,0.0113582,0.00971702,0.0168934,0.0498352,0.0538977,0.100796,0,0,0,0,0,0,0,0,0,0,0,0,0,
204,1.11701,30,-1.29476e-06,-85.9303,-5.58538e-06,0.000221859,-3.43573e-07,1,3.38419e-06,0,0,0,0,0,0,0,0,0,0,0,0,0,0,0,0,0,0,0,0,0,0,0,0,0,0,0.000239467,0.000354557,0.00832941,0.000718083,0.0193414,0.00793673,0.0118553,0.0271422,0.0652968,0.101568,0,0,0,0,0,0,0,0,0,0,0,0,0,
205,1.09956,30,-1.29476e-06,-85.9303,-5.58536e-06,0.000221859,-3.43564e-07,1,1.91348e-06,0,0,0,0,0,0,0,0,0,0,0,0,0,0,0,0,0,0,-0,0,0,0,0,0,0,0,0.000667652,0.000183633,0.000643272,0.00149108,0.00764743,0.000395212,0.0322283,0.00988543,0.00574189,0,0,0,0,0,0,0,0,0,0,0,-0,0,0,
206,1.0821,30,-1.29476e-06,-85.9303,-5.58535e-06,0.000221859,-3.43565e-07,1,2.95472e-06,0,0,0,0,0,0,0,0,0,0,0,0,0,0,0,0,0,0,0,0,0,0,0,0,0,0,0.0111462,0.00218355,0.00229855,0.00276566,0.0314027,0.0104189,0.0281729,0.000237491,0,0,0,0,0,0,0,0,0,0,0,0,0,0,0,
207,1.06465,30,-1.29476e-06,-85.9303,-5.58534e-06,0.000221859,-3.43561e-07,1,2.36876e-06,0,0,0,0,0,0,0,0,0,0,0,0,0,0,0,0,0,0,0,0,0,0,0,0,0,0,0.00106124,0.00171171,0.000109421,0.00100963,0.00206272,0.0259378,0.029689,0,0,0,0,0,0,0,0,0,0,0,0,0,0,0,0,
208,1.0472,30,-1.29477e-06,-85.9303,-5.58533e-06,0.000221859,-3.43546e-07,1,3.13247e-06,0,0,0,0,0,0,0,0,0,0,0,0,0,0,0,0,0,0,0,0,0,0,0,0,0,0,0.00357276,0.00506683,0.00605502,0.000345807,0.0109978,0.025096,0.0386418,0,0,0,0,0,0,0,0,0,0,0,0,0,0,0,0,
209,1.02974,30,-1.29477e-06,-85.9303,-5.58532e-06,0.000221859,-3.43456e-07,1,3.4233e-06,0,0,0,0,0,0,0,0,0,0,0,0,0,0,0,0,0,0,0,0,0,0,0,0,0,0,0.000148319,0.0053254,0.0460431,0.00237034,0.00944201,0.0203348,0.0692408,0,0,0,0,0,0,0,0,0,0,0,0,0,0,0,0,
210,1.01229,30,-1.29478e-06,-85.9303,-5.58531e-06,0.000221859,-3.43428e-07,1,8.76752e-07,0,0,0,0,0,0,0,0,0,0,0,0,0,0,0,0,0,0,0,0,0,0,0,0,0,0,0.00402575,0.00277887,0.0128319,0.00127851,0.00862901,0.0289158,0.0257837,0.0835925,0,0,0,0,0,0,0,0,0,0,0,0,0,0,0,
211,0.994838,30,-1.29478e-06,-85.9303,-5.58532e-06,0.000221859,-3.43423e-07,1,4.93285e-07,0,0,0,0,0,0,0,0,0,0,0,0,0,0,0,0,0,0,0,0,0,0,0,0,0,0,0.00441785,0.00273556,0.00321267,0.000311121,0.00490138,0.0122943,0.035952,0.00840408,0,0,0,0,0,0,0,0,0,0,0,0,0,0,0,
212,0.977384,30,-1.29478e-06,-85.9303,-5.58532e-06,0.000221859,-3.43429e-07,1,2.95809e-07,0,0,0,0,0,0,0,0,0,0,0,0,0,0,0,0,0,0,0,0,0,0,0,0,0,0,0.0003738,0.00214459,0.00101885,0.0035614,0.0156894,0.0118141,0.0181335,0.0135477,0.0188694,0,0,0,0,0,0,0,0,0,0,0,0,0,0,
213,0.959931,30,-1.29478e-06,-85.9303,-5.58532e-06,0.000221859,-3.43429e-07,1,2.71465e-06,0,0,0,0,0,0,0,0,0,0,0,0,0,0,0,0,0,0,0,0,0,0,0,0,0,0,0,0.00460377,0.00200202,0.000784872,0.00638321,0.0105256,0.020688,0.0028248,0.0444552,0,0,0,0,0,0,0,0,0,0,0,0,0,0,
214,0.942478,30,-1.29478e-06,-85.9303,-5.58532e-06,0.000221859,-3.43432e-07,1,3.96743e-06,0,0,0,0,0,0,0,0,0,0,0,0,0,0,0,0,0,0,0,0,0,0,0,0,0,0,0,0.00104819,0.0145894,0.00758634,0.00560469,0.00804806,0.0215695,0.0286228,0.0652048,0.0917093,0,0,0,0,0,0,0,0,0,0,0,0,0,
215,0.925025,30,-1.29478e-06,-85.9303,-5.58533e-06,0.000221859,-3.43435e-07,1,2.40777e-06,0,0,0,0,0,0,0,0,0,0,0,0,0,0,0,0,0,0,0,0,0,0,0,0,0,0,0,0.00419785,0.0192938,0.0106549,0.000828537,0.00794844,0.0229822,0.0252756,0.0351739,0.0392081,0,0,0,0,0,0,0,0,0,0,0,0,0,
216,0.907571,30,-1.29478e-06,-85.9303,-5.58533e-06,0.000221859,-3.43433e-07,1,2.21444e-06,0,0,0,0,0,0,0,0,0,0,0,0,0,0,0,0,0,0,0,0,0,0,0,0,0,0,0,0.00443969,0.00668507,0.00465887,0.00424646,0.00418653,0.0138927,0.0504497,0.0410995,0.0460402,0.117129,0,0,0,0,0,0,0,0,0,0,0,0,
217,0.890118,30,-1.29478e-06,-85.9303,-5.58533e-06,0.000221859,-3.43425e-07,1,3.95001e-06,0,0,0,0,0,0,0,0,0,0,0,0,0,0,0,0,0,0,0,0,0,0,0,0,0,0,0,0.0269556,0.00411417,0.00647801,0.00759341,0.00359583,0.0153669,0.0318817,0.0488177,0.0490453,0.0667633,0,0,0,0,0,0,0,0,0,0,0,0,
218,0.872665,30,-1.29478e-06,-85.9303,-5.58532e-06,0.000221859,-3.43415e-07,1,2.7933e-06,0,0,0,0,0,0,0,0,0,0,0,0,0,0,0,0,0,0,0,0,0,0,0,0,0,0,0,0.0181173,0.00991792,0.0119105,0.0166284,0.00190897,0.0256733,0.0602993,0.0416181,0.0590384,0.135895,0,0,0,0,0,0,0,0,0,0,0,0,
219,0.855211,30,-1.29478e-06,-85.9303,-5.58532e-06,0.000221859,-3.43414e-07,1,1.50288e-06,0,0,0,0,0,0,0,0,0,0,0,0,0,0,0,0,0,0,0,0,0,0,0,0,0,0,0,0,0.00492922,0.00416624,0.00266228,0.00493316,0.00678864,0.00202345,0.0511261,0.0333739,0,0,0,0,0,0,0,0,0,0,0,0,0,
220,0.837758,30,-1.29478e-06,-85.9303,-5.58532e-06,0.000221859,-3.43419e-07,1,1.16072e-06,0,0,0,0,0,0,0,0,0,0,0,0,0,0,0,0,0,0,0,0,0,0,0,0,0,0,0,0,0.00566404,0.00390783,0.0048186,0.0050056,0.0331542,0.0297491,0.0333669,0,0,0,0,0,0,0,0,0,0,0,0,0,0,
221,0.820305,30,-1.29478e-06,-85.9303,-5.58533e-06,0.000221859,-3.4342e-07,1,2.52699e-06,0,0,0,0,0,0,0,0,0,0,0,0,0,0,0,0,0,0,0,0,0,0,0,0,0,0,0,0,0.00634945,0.00682104,0.00533361,0.0151608,0.0206679,0.0497508,0.0585951,0,0,0,0,0,0,0,0,0,0,0,0,0,0,
222,0.802851,30,-1.29478e-06,-85.9303,-5.58532e-06,0.000221859,-3.43411e-07,1,3.45396e-06,0,0,0,0,0,0,0,0,0,0,0,0,0,0,0,0,0,0,0,0,0,0,0,0,0,0,0,0,0.00260843,0.0122115,0.00891787,0.00207372,0.0097242,0.0119846,0.141113,0,0,0,0,0,0,0,0,0,0,0,0,-0,0,
223,0.785398,30,-1.29478e-06,-85.9303,-5.58532e-06,0.000221859,-3.43412e-07,1,3.03148e-06,0,0,0,0,0,0,0,0,0,0,0,0,0,0,0,0,0,0,0,0,0,0,0,0,0,0,0,0,0.00265527,0.0138809,0.0135706,0.00210712,0.00600024,0.00937297,0.0636216,0,0,0,0,0,0,0,0,0,0,0,0,0,0,
224,0.767945,30,-1.29478e-06,-85.9303,-5.58533e-06,0.000221859,-3.43418e-07,1,1.29797e-06,0,0,0,0,0,0,0,0,0,0,0,0,0,0,0,0,0,0,0,0,0,0,0,0,0,0,0,0,0,0.00767306,0.00244713,0.00294592,0.00914813,0.00498594,0.0139341,0.0214127,0,0,0,0,0,0,0,0,0,0,0,0,0,
225,0.750492,30,-1.29477e-06,-85.9303,-5.58534e-06,0.000221859,-3.43443e-07,1,1.58893e-06,0,0,0,0,0,0,0,0,0,0,0,0,0,0,0,0,0,0,0,0,0,0,0,0,0,0,0,0,0,0.00643335,0.00304141,0.00501458,0.00428678,0.0119821,0.0183925,0.0183619,0.0705972,0,0,0,0,0.0360737,0,0,0,0,0,0,0,
226,0.733038,30,-1.29477e-06,-85.9303,-5.58534e-06,0.000221859,-3.43451e-07,1,2.36882e-06,0,0,0,0,0,0,0,0,0,0,0,0,0,0,0,0,0,0,0,0,0,0,0,0,0,0,0,0,0,0.000636421,0.00182086,0.00225854,0.0122233,0.00579148,0.0147968,0.0433464,0.0242063,0,0,0,0.0413999,0.0561187,0.0378203,0,0,0,0,0,0,
227,0.715585,30,-1.29477e-06,-85.9303,-5.58535e-06,0.000221859,-3.4346e-07,1,3.93173e-06,0,0,0,0,0,0,0,0,0,0,0,0,0,0,0,0,0,0,0,0,0,0,0,0,0,0,0,0,0.00431197,0.00378156,0.00380125,0.00117682,0.0064177,0.00724049,0.0109522,0.0252564,0.020403,0.0592803,0,0,0.0373845,0.0254573,0.0565264,0.0537478,0,0,0,0,0,
228,0.698132,30,-1.29476e-06,-85.9303,-5.58535e-06,0.000221859,-3.4348e-07,1,4.03995e-06,0,0,0,0,0,0,0,0,0,0,0,0,0,0,0,0,0,0,0,0,0,0,0,0,0,0,0,0.0160091,0.0151914,0.0144443,0.00208344,0.0213507,0.0134807,0.00272785,0.0112424,0.0063437,0.0189338,0.0241563,0.0190968,0.0121834,0.0357895,0.0455264,0.026385,0.0812489,0.00212374,0,0,0,0,
229,0.680678,30,-1.29477e-06,-85.9303,-5.58535e-06,0.000221859,-3.4349e-07,1,3.14083e-06,0,0,0,0,0,0,0,0,0,0,0,0,0,0,0,0,0,0,0,0,0,0,0,0,0,0,0,0.0359562,0.00910007,0.00780296,0.0027465,0.00147421,0.035364,0.00128696,0.00850093,0.00689421,0.0210166,0.00852768,0.00886922,0.0418504,0.0264858,0.0127197,0.0471473,0.0466932,0.0345316,0,0,0,0,
230,0.663225,30,-1.29477e-06,-85.9303,-5.58535e-06,0.000221859,-3.43503e-07,1,2.37702e-06,0,0,0,0,0,0,0,0,0,0,0,0,0,0,0,0,0,0,0,0,0,0,0,0,0,0,0.0247105,0.0148794,0.033652,0.0147328,0.0107341,0.00837921,0.0110271,0.0142683,0.00869313,0.00210519,0.00703197,0.0152239,0.0226025,0.0153185,0.0362429,0.0296734,0.0355802,0.010244,0.0750364,0,0,0,0,
231,0.645772,30,-1.29477e-06,-85.9303,-5.58534e-06,0.000221859,-3.43498e-07,1,2.2935e-06,0,0,0,0,0,0,0,0,0,0,0,0,0,0,0,0,0,0,0,0,0,0,0,0,0,0,0.0258558,0.0107243,0.0156957,0.00344411,0.000365895,0.00556118,0.000348185,0.00353118,0.00233883,0.00120973,0.0133074,0.0143097,0.0090597,0.0144107,0.0118158,0.0261963,0.0571345,0.0293348,0,0,0,0,0,
232,0.628319,30,-1.29477e-06,-85.9303,-5.58534e-06,0.000221859,-3.4348e-07,1,3.4291e-06,0,0,0,0,0,0,0,0,0,0,0,0,0,0,0,0,0,0,0,0,0,0,0,0,0,0,0.00904188,0.00938368,0.0271213,0.00664109,0.00988968,0.00240981,0.0105046,0.0086556,0.000919846,0.00606061,0.00884563,0.0107153,0.0134158,0.00912714,0.00845964,0.0134609,0.0167459,0,0,0,0,0,0,
233,0.610865,30,-1.29477e-06,-85.9303,-5.58533e-06,0.000221859,-3.43467e-07,1,7.61822e-07,0,0,0,0,0,0,0,0,0,0,0,0,0,0,0,0,0,0,0,0,0,0,0,0,0,0,0.0365338,0.00219122,0.00577802,0.00458522,0.00107532,0.0108961,0.00567722,0.00481418,0.00260832,0.0346565,0.00234203,0.01336,0.00645081,0.00984418,0.0354156,0.024743,0.00173676,0.0056174,0,0,0,0,0,
234,0.593412,30,-1.29478e-06,-85.9303,-5.58533e-06,0.000221859,-3.43454e-07,1,1.83376e-07,0,0,0,0,0,0,0,0,0,0,0,0,0,0,0,0,0,0,0,0,0,0,0,0,0,0,0.0141141,0.00427867,0.0126907,0.0158583,0.015814,0.0130347,0.00634992,0.00743831,0.000565619,0.00809686,0.000847825,0.00596156,0.0132008,0.0109165,0.0312693,0.0111357,0.00260668,0.021345,0.0319186,0.0309565,0,0,0,
235,0.575959,30,-1.29478e-06,-85.9303,-5.58533e-06,0.000221859,-3.434e-07,1,1.03481e-06,0,0,0,0,0,0,0,0,0,0,0,0,0,0,-0,0,0,0,0,0,0,0,0,0,0,2.68918e-05,0.00320458,0.00557571,0.00718646,0.0275509,0.00778243,0.010029,0.00374804,0.00798707,0.00207371,0.000913881,0.00728697,0.0115301,0.0237863,0.00607276,0.0040859,0.012681,0.0169486,0.0405852,0.0638898,0.0463299,0.019311,0,0,
236,0.558505,30,-1.29478e-06,-85.9303,-5.58533e-06,0.000221859,-3.43382e-07,1,2.01904e-06,0,0,0,0,0,0,0,0,0,0,0,0,0,0,0,0,0,0,0,0,0,0,0,0,0,0.0175413,0.000393365,0.000849,0.0143688,0.00196509,0.0060754,0.00954322,0.00777319,0.0132446,0.00208475,0.00517417,0.00213921,0.0055648,0.0153417,0.00985696,0.00236749,0.0152626,0.0278178,0.0279943,0.0799091,0.0790005,0.0536162,0,0,
237,0.541052,30,-1.29478e-06,-85.9303,-5.58533e-06,0.000221859,-3.43376e-07,1,1.77357e-06,0,0,0,0,0,0,0,0,0,0,0,0,0,0,0,0,0,0,0,0,0,0,0,0,0,0.000801621,0.000491519,0.00297818,0.00187304,0.00373695,0.00727913,0.00563156,0.00519602,0.00252827,0.00372852,0.00248058,0.00502472,0.00882862,0.00215624,0.00518956,0.03142,0.0591282,0.0604867,0.0313226,0.0474896,0.0332802,0,0,0,
238,0.523599,30,-1.29478e-06,-85.9303,-5.58532e-06,0.000221859,-3.43381e-07,1,1.40065e-06,0,0,0,0,-0,0,0,0,0,0,0,0,0,0,0,0,0,0,0,0,0,0,0,0,0,0.000325373,0.00230136,0.000977327,0.000932847,0.00195888,0.00754708,0.000395988,0.00280288,0.0117789,0.00177523,0.00257849,0.00299037,0.0089421,0.00433512,0.00939417,0.0109968,0.0284854,0.0553744,0.0404438,0.0819968,0.0375026,0,0,0,
239,0.506145,30,-1.29478e-06,-85.9303,-5.58533e-06,0.000221859,-3.4339e-07,1,2.20163e-06,0,0,0,0,0,0,0,0,0,0,0,0,0,0,0,0,0,0,0,0,0,0,0,0,0,0.000754405,0.00186502,0.000718853,0.000675665,0.00220697,0.00520709,0.00343146,0.00286359,0.00222559,0.014394,0.00945005,0.00273556,0.00126786,0.0124127,0.00407425,0.0137017,0,0.0330959,0.038251,0.0467813,0,0,0,0,
240,0.488692,30,-1.29478e-06,-85.9303,-5.58533e-06,0.000221859,-3.43398e-07,1,1.4663e-06,0,0,0,0,0,0,0,0,0,0,0,0,0,0,0,0,0,0,0,0,0,0,0,0,0,0,0.0011273,0.00142145,0.000547129,0.00165914,0.00354189,0.00189181,0.00122751,0.00343816,0.0293582,0.00527832,0.00445276,0.00585925,0.0111207,0.00537579,0.0131066,0.0304126,0.0265049,0.0227176,0.102743,0,0,0,0,
241,0.471239,30,-1.29478e-06,-85.9303,-5.58533e-06,0.000221859,-3.43404e-07,1,1.53309e-06,0,0,0,0,0,0,0,0,0,0,0,0,0,0,0,0,0,0,0,0,0,0,0,0,0,0,0.000392029,0.000307742,0.00195666,0.000349101,0.00147404,9.7077e-05,0.00299279,0.00549709,0.003975,0.00675444,0.00389648,0.0154749,0.0233764,0.00315592,0.0230677,0.0517561,0.0516167,0.0224709,0.0791992,0,0,0,0,
242,0.453786,30,-1.29477e-06,-85.9303,-5.58534e-06,0.000221859,-3.43418e-07,1,3.29047e-06,0,0,0,0,0,0,0,0,0,0,0,0,0,0,0,0,0,0,0,0,0,0,0,0,0,0,0.000776325,0.00623578,0.0030825,0.000642349,0.00057446,0.000954418,0.00173707,0.00225884,0.00307717,0.00867868,0.0184559,0.00823121,0.018413,0.00781562,0.0323699,0.0851946,0.0689974,0.0735214,0,0,0,0,0,
243,0.436332,30,-1.29477e-06,-85.9303,-5.58533e-06,0.000221859,-3.43415e-07,1,1.55526e-06,0,0,0,0,0,0,0,0,0,0,0,0,0,0,0,0,0,0,0,0,0,0,0,0,0,0,0.0178502,0.00794233,0.00200258,0.00100075,0.000269753,0.000990102,0.00423727,0.00233919,0.00146019,0.00667967,0.0181357,0.00528758,0.00609021,0.0204441,0.0636203,0.0326363,0.00707168,0.124982,0,0,0,0,0,
244,0.418879,30,-1.29477e-06,-85.9303,-5.58532e-06,0.000221859,-3.43414e-07,1,1.39827e-06,0,0,0,0,0,0,0,0,0,0,0,0,0,0,0,0,0,0,0,0,0,0,0,0,0,0,0.00143513,0.0295866,0.00259816,0.00110716,0.00149893,0.0028819,0.00238616,0.00195919,0.00312868,0.00941714,0.00544349,0.00946333,0.0124184,0.0473313,0.0622626,0.0388745,0.0427284,0.0561928,0,0,0,0,0,
245,0.401426,30,-1.29477e-06,-85.9303,-5.58532e-06,0.000221859,-3.4342e-07,1,1.42247e-06,0,0,0,0,0,0,0,0,0,0,0,0,0,0,0,0,0,0,0,0,0,0,0,0,0,0,0.000461689,0.0274131,0.00163887,0.000290993,0.00083846,0.0106661,0.000418643,0.000666415,0.0153148,0.00633487,0.012071,0.010806,0.0102087,0.0460185,0.0183199,0.0185527,0.0309279,0,0,0,0,0,0,
246,0.383972,30,-1.29478e-06,-85.9303,-5.58531e-06,0.000221859,-3.4341e-07,1,3.70132e-06,0,0,0,0,0,0,0,0,0,0,0,0,0,0,0,0,0,0,0,0,0,0,0,0,0,0,1.18234e-05,0.0155461,0.00472024,0.00406537,0.00287564,0.00246765,0.000989422,0.00184744,0.0127939,0.00265211,0.0199173,0.0112549,0.0118891,0.0279813,0.122151,0.0916861,0.092246,0,0,0,0,0,0,
247,0.366519,30,-1.29478e-06,-85.9303,-5.58531e-06,0.000221859,-3.43409e-07,1,3.72997e-06,0,0,0,0,0,0,0,0,0,0,0,0,0,0,0,0,0,0,0,0,0,0,0,0,0,0,0,0.00417443,0.00333385,0.00117425,0.00244328,0.00194117,0.00154431,0.0018558,0.00233275,0.0042212,0.00379718,0.0155229,0.00492879,0.0761996,0.0965464,0.0568871,0.0584846,0,0,0,0,0,0,
248,0.349066,30,-1.29478e-06,-85.9303,-5.58532e-06,0.000221859,-3.43409e-07,1,2.13721e-06,0,0,0,0,0,0,0,0,0,0,0,0,0,0,0,0,0,0,0,0,0,0,0,0,0,0,0,0.00534698,0.000151601,0.0016217,0.00301658,0.00105117,0.000298305,0.00258116,0.00275959,0.00597337,0.00516684,0.0287167,0.0252051,0.0288065,0.0567311,0.0433413,0.00896323,0,0,0,0,0,0,
249,0.331613,30,-1.29478e-06,-85.9303,-5.58532e-06,0.000221859,-3.43402e-07,1,3.5453e-06,0,0,0,0,0,0,0,0,0,0,0,0,0,0,0,0,0,0,0,0,0,0,0,0,0,0,0,0.000425812,0.00868312,0.000745259,0.0038134,0.0101006,0.00415335,0.00437872,0.0091099,0.00556567,0.0090407,0.0617666,0.0364896,0.0323908,0.0563116,0.0223888,0,0,0,0,0,0,0,
250,0.314159,30,-1.29478e-06,-85.9303,-5.58532e-06,0.000221859,-3.43399e-07,1,1.4588e-06,0,0,0,0,0,0,0,0,0,0,0,0,0,0,0,0,0,0,0,0,0,0,0,0,0,0,0,0.000188405,0.00262848,0.000968896,0.00227734,0.000521811,0.00135391,0.00163444,0.0105579,0.00422972,0.0232138,0.0556604,0.0224058,0.0339837,0.0343735,0.0403083,0,0,0,0,0,0,0,
251,0.296706,30,-1.29478e-06,-85.9303,-5.58533e-06,0.000221859,-3.43403e-07,1,9.16773e-07,0,0,0,0,0,0,0,0,0,0,0,0,0,0,0,0,0,0,0,0,0,0,0,0,0,0,0,0.000786902,0.0053294,0.000500286,0.00120777,0.00156028,0.000599472,0.000716512,0.00147801,0.002671,0.00863759,0.0423722,0.0436379,0.0179481,0.0514456,0.110824,0,0,0,0,0,0,0,
252,0.279253,30,-1.29478e-06,-85.9303,-5.58533e-06,0.000221859,-3.43424e-07,1,2.28014e-06,0,0,0,0,0,0,0,0,0,0,0,0,0,0,0,0,0,0,0,0,0,0,0,0,0,0,0,8.548e-05,0.0016413,0.00118901,0.000177155,0.0004616,0.000316814,0.00150698,0.00187471,0.00402233,0.0281556,0.0124017,0.0105318,0.0925928,0.0574091,0.0504793,0,-0,0,0,0,0,0,
253,0.261799,30,-1.29479e-06,-85.9303,-5.58533e-06,0.000221859,-3.43403e-07,1,3.58889e-06,0,0,0,0,0,0,0,0,0,0,0,0,0,0,0,0,0,0,0,0,0,0,0,0,0,0,0,0,0.00382734,0.000605394,0.000137221,0.000464036,0.000716636,0.00208719,0.00524307,0.0106593,0.00672056,0.0144774,0.0132794,0.0356284,0.0242916,0,0,0,0,0,0,0,0,
254,0.244346,30,-1.29479e-06,-85.9303,-5.58533e-06,0.000221859,-3.43407e-07,1,1.32462e-06,0,0,0,0,0,0,0,0,0,0,0,0,0,0,0,0,0,0,0,0,0,0,0,0,0,0,0,0,0.00566945,0.000357918,0.00286178,0.000948533,0.00148666,0.0201086,0.00309006,0.0114197,0.0157429,0.0201872,0,0,0,0,0,0,0,0,0,0,0,
255,0.226893,30,-1.29479e-06,-85.9303,-5.58533e-06,0.000221859,-3.43403e-07,1,1.01014e-06,0,0,0,0,0,0,0,0,0,0,0,0,0,0,0,0,0,0,0,0,0,0,0,0,0,0,0,0,0.00364115,0.000722835,0.00282936,0.0012108,0.0109428,0.0178337,0.022719,0.00674604,0.0206374,0.00218527,0,0,0,0,0,0,0,0,0,0,0,
256,0.20944,30,-1.29479e-06,-85.9303,-5.58533e-06,0.000221859,-3.43417e-07,1,2.56855e-06,0,0,0,0,0,0,0,0,0,0,0,0,0,0,0,0,0,0,0,0,0,0,0,0,0,0,0,0,0.00175289,0.000476469,0.000153822,0.0011723,0.0390963,0.00119649,0.00891866,0.0196704,0.0129571,0.0251797,0.00651748,0,0,0,0,0,0,0,0,0,0,
257,0.191986,30,-1.29478e-06,-85.9303,-5.58533e-06,0.000221859,-3.43474e-07,1,1.10701e-06,0,0,0,0,0,0,0,0,0,0,0,0,0,0,0,0,0,0,0,0,0,0,0,0,0,0,0,0,0.00129961,0.00200906,0.0140017,0.00375492,0.00626344,0.00786999,0.0185665,0.00317262,0.0107161,0.05731,0.0302389,0,0,0,0,0,0,0,0,0,0,
258,0.174533,30,-1.29478e-06,-85.9303,-5.58534e-06,0.000221859,-3.43488e-07,1,2.3491e-06,0,0,0,0,0,0,0,0,0,0,0,0,0,0,0,0,0,0,0,0,0,0,0,0,0,0,0,0,0.000570057,0.00133606,0.0128321,0.000767282,0.000778985,0.0106485,0.00431066,0.00761921,0.0264308,0.0400852,0.0451994,0.00892856,0,0,0,0,0,0,0,0,0,
259,0.15708,30,-1.29478e-06,-85.9303,-5.58534e-06,0.000221859,-3.4349e-07,1,1.80717e-06,0,0,0,0,0,0,0,0,0,0,0,0,0,0,0,0,0,0,0,0,0,0,0,0,0,0,0,0,0.00584241,0.0036554,0.00201808,0.00159673,0.00310744,0.00853361,0.00750334,0.040822,0.0245609,0.0349889,0.0132669,0.0638541,0.0695893,0,0.0490745,0.0950163,0,0,0,0,0,
260,0.139626,30,-1.29478e-06,-85.9303,-5.58534e-06,0.000221859,-3.43498e-07,1,6.98691e-07,0,0,0,0,0,0,0,0,0,0,0,0,0,0,0,0,0,0,0,0,0,0,0,0,0,0,0,0,0.00141108,0.0124599,0.00458146,0.000490482,0.0348847,0.0225992,0.00247355,0.020813,0.0238837,0.0256584,0.0785813,0.0500212,0.0565669,0.0410637,0.0894708,0.0519369,0,0,0,0,0,
261,0.122173,30,-1.29478e-06,-85.9303,-5.58534e-06,0.000221859,-3.43499e-07,1,4.01894e-06,0,0,0,0,0,0,0,0,0,0,0,0,0,0,0,0,0,0,0,0,0,0,0,0,0,0,0,0,0.000608925,0.00822751,0.0012792,0.00105018,0.00707101,0.00751836,0.00358687,0.0463618,0.061398,0.0619686,0.026603,0.0324844,0.0693738,0.0395111,0.032871,0.0762962,0,0,0,0,-0,
262,0.10472,30,-1.29479e-06,-85.9303,-5.58533e-06,0.000221859,-3.43503e-07,1,4.16177e-06,0,0,0,0,0,0,0,0,0,0,0,0,0,0,0,0,0,0,0,0,0,0,0,0,0,0,0,0,0.00595263,0.00567495,0.00218835,0.00852139,0.00823655,0.00465392,0.018189,0.00817809,0.0419876,0.0107787,0.0389108,0.0576358,0.0565201,0.0428965,0.0177167,0.0441528,0,0,0,0,0,
263,0.0872665,30,-1.29478e-06,-85.9303,-5.58533e-06,0.000221859,-3.43504e-07,1,2.6042e-06,0,0,0,0,0,0,0,0,0,0,0,0,0,0,0,0,0,0,0,0,0,0,0,0,0,0,0,0,0.00541836,0.00287461,0.00112232,0.00632868,0.00250237,0.0161707,0.0085734,0.00673058,0.0158444,0.0216153,0.028319,0.0599189,0.0513135,0.070693,0.0506938,0.0906161,0,0,0,0,0,
264,0.0698132,30,-1.29478e-06,-85.9303,-5.58533e-06,0.000221859,-3.43505e-07,1,3.08396e-06,0,0,0,0,0,0,0,0,0,0,0,0,0,0,0,0,0,0,0,0,0,0,0,0,0,0,0,0,0.00276132,0.00194905,0.00065817,0.00136366,0.00487815,0.00811027,0.00459109,0.00365597,0.0249711,0.024033,0.0896485,0.0459878,0.0620871,0.0619535,0.0789485,0.00603832,0,0,0,0,0,
265,0.0523599,30,-1.29478e-06,-85.9303,-5.58533e-06,0.000221859,-3.43504e-07,1,2.88161e-06,0,0,0,0,0,0,0,0,0,0,0,0,0,0,0,0,0,0,0,0,0,0,0,0,0,0,0,0,0.00249299,0.00547804,0.00291145,0.0031578,0.0045616,0.0099483,0.013531,0.00343279,0.0453271,0.0571343,0.0725425,0.0547707,0.0577874,0.0612145,0.0830743,0,0,0,0,0,0,
266,0.0349066,30,-1.29478e-06,-85.9303,-5.58533e-06,0.000221859,-3.435e-07,1,1.95085e-06,0,0,0,0,0,0,0,0,0,0,0,0,0,0,0,0,0,0,0,0,0,0,0,0,0,0,0,0,0.00280558,0.00914212,0.00329693,0.00282402,0.00176137,0.0144807,0.0162783,0.0101073,0.0411882,0.0474335,0.025454,0.0593858,0.026165,0.037539,0.0424668,0,0,0,0,0,0,
267,0.0174533,30,-1.29478e-06,-85.9303,-5.58534e-06,0.000221859,-3.435e-07,1,1.05556e-06,0,0,0,0,0,0,0,0,0,0,0,0,0,0,0,0,0,0,0,0,0,0,0,0,0,0,0,0,0.00237635,0.00186722,0.00272023,0.0100568,0.00871035,0.0258539,0.0141029,0.0154152,0.0401513,0.0133874,0,0,0.0234585,0.0732186,0.0905705,0,0,-0,0,0,0,
268,1.74166e-15,30,-1.29478e-06,-85.9303,-5.58534e-06,0.000221859,-3.43503e-07,1,1.08088e-06,0,0,0,0,0,0,0,0,0,0,0,0,0,0,0,0,0,0,0,0,0,0,0,0,0,0,0,0,0.00115369,0.00139763,0.00143533,0.0033539,0.00629571,0.00505822,0.0276385,0.0377098,0.070059,0.0273949,0,-0,0,0.0494007,0.0495988,0,0,0,0,0,0,
269,-0.0174533,30,-1.29477e-06,-85.9303,-5.58535e-06,0.000221859,-3.43507e-07,1,3.05233e-06,0,0,0,0,0,0,0,0,0,0,0,0,0,0,0,0,0,0,0,0,0,0,0,0,0,0,0,0,0.0009863,0.000199422,9.40589e-05,0.0061682,0.00308877,0.0339005,0.0216309,0.0389342,0.0895227,0,0,0,0,0,0,0,0,0,0,0,0,
270,-0.0349066,30,-1.29478e-06,-85.9303,-5.58535e-06,0.000221859,-3.43503e-07,1,3.38544e-06,0,0,0,0,0,0,0,0,0,0,0,0,0,0,0,0,0,0,0,0,0,0,0,0,0,0,0,0,0.000528471,9.67848e-05,0.000768232,0.00428853,0.00887494,0.0153081,0.00919855,0.0277347,0,0,0,0,0,0,0,0,0,0,0,0,0,
271,-0.0523599,30,-1.29477e-06,-85.9303,-5.58534e-06,0.000221859,-3.43498e-07,1,2.4013e-06,0,0,0,0,0,0,0,0,0,0,0,0,0,0,0,0,0,0,0,0,0,0,0,0,0,0,0,0,0.00892126,0.00073073,0.000442005,0.00435013,0.01224,0.00822936,0.0226404,0.0659012,0,0,0,0,0,0.0764369,0.0200899,0,0,0,0,0,0,
272,-0.0698132,30,-1.29477e-06,-85.9303,-5.58534e-06,0.000221859,-3.43479e-07,1,1.83562e-06,0,0,0,0,0,0,0,0,0,0,0,0,0,0,0,0,0,0,0,0,0,0,0,0,0,0,0,0,0.0137891,0.000794833,0.00120552,0.00157094,0.00330388,0.0368276,0.0476622,0,0,0,0.0105191,0.0569652,0.052165,0.0515079,0.0390438,0.0788457,0,0,0,0,0,
273,-0.0872665,30,-1.29477e-06,-85.9303,-5.58534e-06,0.000221859,-3.43463e-07,1,1.86762e-06,0,0,0,0,0,0,0,0,0,0,0,0,0,0,0,0,0,0,0,0,0,0,0,0,0,0,0,0,0.0114352,0.000220807,0.00164619,0.00265167,0.0115586,0.00717039,0.0268853,0.00361603,0,0.0228753,0.0248962,0.0337496,0.0465804,0.0555177,0.055232,0.0212007,0,0,0,0,0,
274,-0.10472,30,-1.29477e-06,-85.9303,-5.58534e-06,0.000221859,-3.43471e-07,1,1.37904e-06,0,0,0,0,0,0,0,0,0,0,0,0,0,0,0,0,0,0,0,0,0,0,0,0,0,0,0,0,0.00429425,0.00397047,0.00630531,0.00208593,0.0354664,0.0182017,0.0297469,0.0160317,0,0.019704,0.0470249,0.0509274,0.0274503,0.0355366,0.0301311,0.0293704,0,0,0,0,0,
275,-0.122173,30,-1.29476e-06,-85.9303,-5.58534e-06,0.000221859,-3.43501e-07,1,0,0,0,0,0,0,0,0,0,0,0,0,0,0,0,0,0,0,0,0,0,0,0,0,0,0,0,0,0,0.0104757,0.00197747,0.00202813,0.00168865,0.00927222,0.0248063,0.02021,0.0239296,0.00376294,0.0124288,0.0373623,0.0386823,0.028499,0.056487,0.0466213,0,0,0,0,0,0,
276,-0.139626,30,-1.29476e-06,-85.9303,-5.58534e-06,0.000221859,-3.43519e-07,1,0,0,0,0,0,0,0,0,0,0,0,0,0,0,0,0,0,0,0,0,0,0,0,0,0,0,0,0,0,0.00849426,0.00154823,0.00662204,0.00500661,0.00323388,0.00579333,0.00141235,0.0630322,0.00623173,0.0115724,0.0166148,0.00956475,0.0253189,0,0,0,0,0,0,0,0,
277,-0.15708,30,-1.29476e-06,-85.9303,-5.58534e-06,0.000221859,-3.43528e-07,1,0,0,0,0,0,0,0,0,0,0,0,0,0,0,0,0,0,0,0,0,0,0,0,0,0,0,0,0,0,0.00406744,0.000972461,0.00308752,0.00406187,0.00911246,0.0257889,0.00725183,0.0219701,0.0243025,0.0188584,0.0141289,0.0514937,0,0,0,0,0,0,0,0,0,
278,-0.174533,30,-1.29477e-06,-85.9303,-5.58534e-06,0.000221859,-3.4352e-07,1,0,0,0,0,0,0,0,0,0,0,0,0,0,0,0,0,0,0,0,0,0,0,0,0,0,0,0,0,0,0.00464704,0.00304962,0.000687682,0.0113098,0.00753081,0.00949629,0.00102897,0.016954,0.0103887,0.0302077,0.00812727,0.0187589,0,0,0,0,0,0,0,0,0,
279,-0.191986,30,-1.29477e-06,-85.9303,-5.58534e-06,0.000221859,-3.43524e-07,1,0,0,0,0,0,0,0,0,0,0,0,0,0,0,0,0,0,0,0,0,0,0,0,0,0,0,0,0,0,0.0104226,0.00669457,0.00180302,0.0196703,0.00241513,0.00658186,0.0185842,0.0182166,0.0161301,0.0130879,0.0106769,0.015394,0.0188769,0,0,0,0,0,0,0,0,
280,-0.20944,30,-1.29476e-06,-85.9303,-5.58533e-06,0.000221859,-3.4352e-07,1,0,0,0,0,0,0,0,0,0,0,0,0,0,0,0,0,0,0,0,0,0,0,0,0,0,0,0,0,0,0.0190669,0.00235577,0.00163372,0.000463971,0.00423084,0.00461558,0.00630954,0.00878084,0.0182811,0.0106598,0.00897693,0.0073945,0.0560072,0.00137233,0,0,0,0,0,0,0,
281,-0.226893,30,-1.29477e-06,-85.9303,-5.58532e-06,0.000221859,-3.4353e-07,1,0,0,0,0,0,0,0,0,0,0,0,0,0,0,0,0,0,0,0,0,0,0,0,0,0,0,0,0,0,0.00819045,0.00322702,0.00204553,0.0144031,0.000973717,0.0138224,0.0032204,0.00956754,0.0449726,0.0189096,0.0141177,0.0182437,0.0152504,0.00994529,0,0,0,0,0,0,0,
282,-0.244346,30,-1.29477e-06,-85.9303,-5.58532e-06,0.000221859,-3.4354e-07,1,0,0,0,0,0,0,0,0,0,0,0,0,0,0,0,0,0,0,0,0,0,0,0,0,0,0,0,0,0,0.00583168,0.000474415,0.0191368,0.0083483,0.000896612,0.00346381,0.00219008,0.0214519,0.0580226,0.0602232,0.0163338,0.00394042,0.00443081,0.020985,0.0831157,0,0,0,0,0,0,
283,-0.261799,30,-1.29477e-06,-85.9303,-5.58532e-06,0.000221859,-3.43537e-07,1,0,0,0,0,0,0,0,0,0,0,0,0,0,0,0,0,0,0,0,0,0,0,0,0,0,0,0,0,0,0.00114257,0.00183254,0.00820014,0.00218936,0.00343855,0.00945095,0.0142431,0.00493683,0.0452925,0.0336691,0.00459138,0.00932743,0.0208548,0.00431712,0.00738899,0,0,0,0,0,0,
284,-0.279253,30,-1.29477e-06,-85.9303,-5.58534e-06,0.000221859,-3.4352e-07,1,0,0,-0,0,0,0,0,0,0,0,0,0,0,0,0,0,0,0,0,0,0,0,0,0,0,0,0,0,0,0.00223807,0.000500912,0.0011694,0.000869146,0.00660709,0.000944927,0.00298081,0.00515484,0.0491535,0.024272,0.00700981,0.0217693,0.0141477,0.0129442,0.0123019,0,0,0,0,0,0,
285,-0.296706,30,-1.29477e-06,-85.9303,-5.58535e-06,0.000221859,-3.43501e-07,1,0,0,0,0,0,0,0,0,0,0,0,0,0,0,0,0,0,0,-0,0,0,0,0,0,0,0,0,0,0.00195817,0.0012615,0.00422327,0.000703214,0.006174,0.0110735,0.00925145,0.0486527,0.00856691,0.00153635,0.0235834,0.0353802,0.00511754,0.00570324,0.0122916,0.00956711,0.0132093,0,0,0,0,0,
286,-0.314159,30,-1.29476e-06,-85.9303,-5.58535e-06,0.000221859,-3.43496e-07,1,0,0,0,0,0,0,0,0,0,0,0,0,0,0,0,0,0,0,0,0,0,0,0,0,0,0,0,0,0.00975483,0.000755393,0.0068308,0.00223604,0.000248563,0.00618723,0.0053688,0.0162314,0.00812698,0.00572127,0.0102519,0.00690038,0.0276996,0.0117507,0.00775892,0.0244512,0.00587993,0,0,0,0,0,
287,-0.331613,30,-1.29477e-06,-85.9303,-5.58534e-06,0.000221859,-3.43495e-07,1,0,0,0,0,0,0,0,0,0,0,0,0,0,0,0,0,0,0,0,0,0,0,0,0,0,0,0,0,0.00547375,0.00219174,0.00316401,0.00728522,0.00136913,0.00130398,0.0041441,0.0047572,0.00470223,0.00846187,0.0171429,0.00636454,0.0210409,0.00767856,0.0200787,0.0379214,0.0182135,0.0154539,0.12487,0,0,0,
288,-0.349066,30,-1.29477e-06,-85.9303,-5.58534e-06,0.000221859,-3.43493e-07,1,1.8783e-06,0,0,0,0,0,0,0,0,0,0,0,0,0,0,0,0,0,0,0,0,0,0,0,0,0,0,0,0.000380147,0.00212622,0.00212758,0.000621872,0.00201898,0.00130695,0.000591253,0.00270568,0.0164419,0.0119021,0.0127502,0.0056049,0.0197887,0.00629109,0.0144774,0.0208047,0.0154586,0.0516378,0.0727835,0.0320685,0,0,
289,-0.366519,30,-1.29477e-06,-85.9303,-5.58533e-06,0.000221859,-3.43492e-07,1,1.80764e-06,0,0,0,0,0,0,0,0,0,0,0,0,0,0,0,0,0,0,0,0,0,0,0,0,0,0,0,0.00548953,0.00476933,0.00883628,0.00181706,0.000282497,0.000801479,0.0721182,0.02671,0.00980932,0.00668333,0.0069626,0.0108285,0.0972589,0.00384405,0.00878825,0.0208055,0.0116068,0.01985,0.0170711,0.0207674,0,0,
290,-0.383972,30,-1.29477e-06,-85.9303,-5.58534e-06,0.000221859,-3.4349e-07,1,3.5151e-06,0,0,0,-0,0,0,0,0,0,0,0,0,0,0,0,0,0,0,0,0,0,0,0,0,0,0,0,0.00109008,0.00626014,0.00766727,0.00322589,0.000355319,0.00235093,0.0488764,0.056061,0.0186102,0.0233993,0.0266469,0.0151274,0.0945373,0.00987851,0.0115743,0.0389216,0.00939185,0.0174446,0.0390982,0.0156221,0,0,
